# Wavelength(nm)  Flambda(ergs/cm^s/s/nm)
30.00 0
31.00 0
32.00 0
33.00 0
34.00 0
35.00 0
36.00 0
37.00 0
38.00 0
39.00 0
40.00 0
41.00 0
42.00 0
43.00 0
44.00 0
45.00 0
46.00 0
47.00 0
48.00 0
49.00 0
50.00 0
51.00 0
52.00 0
53.00 0
54.00 0
55.00 0
56.00 0
57.00 0
58.00 0
59.00 0
60.00 0
61.00 0
62.00 0
63.00 0
64.00 0
65.00 0
66.00 0
67.00 0
68.00 0
69.00 0
70.00 0
71.00 0
72.00 0
73.00 0
74.00 0
75.00 0
76.00 0
77.00 0
78.00 0
79.00 0
80.00 0
81.00 0
82.00 0
83.00 0
84.00 0
85.00 0
86.00 0
87.00 0
88.00 0
89.00 1.048767e-43
90.00 0
91.00 2.538573e-42
92.00 0
93.00 4.689933e-41
94.00 0
95.00 5.411611e-40
96.00 1.780184e-23
97.00 4.318577e-23
98.00 6.84639e-23
99.00 9.363658e-23
100.00 1.187041e-22
101.00 1.436668e-22
102.00 1.744919e-22
103.00 2.123812e-22
104.00 2.588372e-22
105.00 3.155908e-22
106.00 3.845944e-22
107.00 4.67999e-22
108.00 5.681103e-22
109.00 6.873253e-22
110.00 8.280514e-22
111.00 9.926138e-22
112.00 1.183158e-21
113.00 1.401555e-21
114.00 1.649323e-21
115.00 1.927556e-21
116.00 2.236874e-21
117.00 2.577396e-21
118.00 2.948714e-21
119.00 3.349897e-21
120.00 3.779492e-21
121.00 4.235547e-21
122.00 4.715644e-21
123.00 5.21694e-21
124.00 5.736231e-21
125.00 6.270013e-21
126.00 6.814564e-21
127.00 7.366028e-21
128.00 7.920498e-21
129.00 8.474101e-21
130.00 9.023086e-21
131.00 9.56389e-21
132.00 1.009321e-20
133.00 1.060808e-20
134.00 1.110586e-20
135.00 1.158434e-20
136.00 1.204175e-20
137.00 1.247673e-20
138.00 1.288839e-20
139.00 1.327629e-20
140.00 1.364039e-20
141.00 1.398107e-20
142.00 1.429906e-20
143.00 1.459539e-20
144.00 1.487133e-20
145.00 1.512832e-20
146.00 1.53679e-20
147.00 1.559154e-20
148.00 1.580062e-20
149.00 1.599628e-20
150.00 1.61793e-20
151.00 1.635004e-20
152.00 1.650831e-20
153.00 1.665335e-20
154.00 1.678377e-20
155.00 1.689763e-20
156.00 1.699246e-20
157.00 1.706543e-20
158.00 1.711357e-20
159.00 1.713404e-20
160.00 1.712451e-20
161.00 1.708353e-20
162.00 1.7011e-20
163.00 1.690851e-20
164.00 1.677971e-20
165.00 1.663041e-20
166.00 1.646856e-20
167.00 1.630386e-20
168.00 1.614718e-20
169.00 1.600969e-20
170.00 1.590187e-20
171.00 1.583253e-20
172.00 1.580799e-20
173.00 1.58316e-20
174.00 1.590374e-20
175.00 1.602223e-20
176.00 1.618319e-20
177.00 1.638218e-20
178.00 1.661527e-20
179.00 1.687994e-20
180.00 1.717558e-20
181.00 1.750343e-20
182.00 1.786601e-20
183.00 1.826627e-20
184.00 1.870651e-20
185.00 1.918754e-20
186.00 1.97081e-20
187.00 2.02648e-20
188.00 2.085245e-20
189.00 2.146469e-20
190.00 2.209467e-20
191.00 2.273553e-20
192.00 2.33805e-20
193.00 2.40226e-20
194.00 2.465401e-20
195.00 2.526539e-20
196.00 2.584538e-20
197.00 2.638052e-20
198.00 2.685583e-20
199.00 2.725587e-20
200.00 2.756626e-20
201.00 2.791889e-20
202.00 2.84496e-20
203.00 2.915529e-20
204.00 3.003763e-20
205.00 3.110274e-20
206.00 3.236045e-20
207.00 3.379885e-20
208.00 3.508428e-20
209.00 3.612033e-20
210.00 3.692549e-20
211.00 3.752027e-20
212.00 3.792733e-20
213.00 3.817131e-20
214.00 3.817595e-20
215.00 3.770429e-20
216.00 3.676806e-20
217.00 3.538927e-20
218.00 3.358515e-20
219.00 3.136659e-20
220.00 2.878276e-20
221.00 2.687166e-20
222.00 2.605593e-20
223.00 2.631809e-20
224.00 2.763598e-20
225.00 2.998445e-20
226.00 3.33371e-20
227.00 3.701476e-20
228.00 3.982838e-20
229.00 4.173194e-20
230.00 4.270405e-20
231.00 4.2725e-20
232.00 4.177666e-20
233.00 4.008011e-20
234.00 3.89228e-20
235.00 3.84914e-20
236.00 3.877982e-20
237.00 3.978858e-20
238.00 4.152604e-20
239.00 4.395164e-20
240.00 4.607101e-20
241.00 4.754175e-20
242.00 4.840032e-20
243.00 4.868332e-20
244.00 4.842331e-20
245.00 4.765386e-20
246.00 4.723668e-20
247.00 4.772573e-20
248.00 4.910633e-20
249.00 5.135216e-20
250.00 5.442876e-20
251.00 5.8298e-20
252.00 6.214661e-20
253.00 6.521425e-20
254.00 6.748213e-20
255.00 6.894333e-20
256.00 6.960275e-20
257.00 6.947548e-20
258.00 6.8749e-20
259.00 6.762599e-20
260.00 6.613222e-20
261.00 6.429063e-20
262.00 6.211946e-20
263.00 5.963133e-20
264.00 5.697914e-20
265.00 5.431632e-20
266.00 5.22819e-20
267.00 5.676204e-20
268.00 7.137757e-20
269.00 7.974881e-20
270.00 8.003776e-20
271.00 8.213539e-20
272.00 8.322357e-20
273.00 8.30965e-20
274.00 8.643317e-20
275.00 8.891918e-20
276.00 8.702253e-20
277.00 8.445102e-20
278.00 8.81307e-20
279.00 9.782112e-20
280.00 1.089229e-19
281.00 1.536768e-19
282.00 2.044668e-19
283.00 2.608515e-19
284.00 3.22826e-19
285.00 3.903859e-19
286.00 4.635273e-19
287.00 5.401809e-19
288.00 6.138573e-19
289.00 6.840938e-19
290.00 7.509004e-19
291.00 8.142864e-19
292.00 8.742608e-19
293.00 9.237372e-19
294.00 9.545709e-19
295.00 9.667754e-19
296.00 9.603718e-19
297.00 9.353794e-19
298.00 8.9313e-19
299.00 8.551221e-19
300.00 8.289063e-19
301.00 8.144701e-19
302.00 8.118023e-19
303.00 8.208927e-19
304.00 8.40903e-19
305.00 8.691107e-19
306.00 9.053003e-19
307.00 9.494681e-19
308.00 1.001611e-18
309.00 1.061705e-18
310.00 1.124849e-18
311.00 1.187324e-18
312.00 1.249132e-18
313.00 1.310278e-18
314.00 1.370765e-18
315.00 1.427998e-18
316.00 1.467264e-18
317.00 1.486258e-18
318.00 1.484987e-18
319.00 1.463459e-18
320.00 1.421677e-18
321.00 1.374791e-18
322.00 1.338611e-18
323.00 1.313136e-18
324.00 1.298362e-18
325.00 1.294285e-18
326.00 1.300298e-18
327.00 1.312682e-18
328.00 1.3308e-18
329.00 1.354651e-18
330.00 1.384236e-18
331.00 1.419549e-18
332.00 1.452292e-18
333.00 1.47497e-18
334.00 1.487587e-18
335.00 1.490142e-18
336.00 1.482637e-18
337.00 1.468681e-18
338.00 1.464022e-18
339.00 1.470495e-18
340.00 1.488098e-18
341.00 1.516833e-18
342.00 1.556787e-18
343.00 1.612097e-18
344.00 1.685027e-18
345.00 1.775577e-18
346.00 1.883751e-18
347.00 2.00955e-18
348.00 2.148765e-18
349.00 2.291675e-18
350.00 2.437893e-18
351.00 2.587422e-18
352.00 2.740266e-18
353.00 2.8946e-18
354.00 3.032539e-18
355.00 3.149539e-18
356.00 3.245603e-18
357.00 3.320733e-18
358.00 3.374932e-18
359.00 3.409828e-18
360.00 3.426895e-18
361.00 3.426131e-18
362.00 3.407537e-18
363.00 3.371114e-18
364.00 3.310938e-18
365.00 3.208575e-18
366.00 3.062706e-18
367.00 2.873331e-18
368.00 2.640454e-18
369.00 2.369729e-18
370.00 2.129971e-18
371.00 1.941478e-18
372.00 1.804239e-18
373.00 1.718243e-18
374.00 1.683474e-18
375.00 1.686201e-18
376.00 1.713868e-18
377.00 1.766469e-18
378.00 1.844e-18
379.00 1.946452e-18
380.00 2.082457e-18
381.00 2.276257e-18
382.00 2.529287e-18
383.00 2.84153e-18
384.00 3.212967e-18
385.00 3.63457e-18
386.00 4.024145e-18
387.00 4.361931e-18
388.00 4.647951e-18
389.00 4.882227e-18
390.00 5.064647e-18
391.00 5.179602e-18
392.00 5.216478e-18
393.00 5.175316e-18
394.00 5.056157e-18
395.00 4.859046e-18
396.00 4.621947e-18
397.00 4.4218e-18
398.00 4.260812e-18
399.00 4.138954e-18
400.00 4.056199e-18
401.00 4.011124e-18
402.00 3.995636e-18
403.00 4.008417e-18
404.00 4.049444e-18
405.00 4.118693e-18
406.00 4.214765e-18
407.00 4.297368e-18
408.00 4.347868e-18
409.00 4.366295e-18
410.00 4.352679e-18
411.00 4.307051e-18
412.00 4.251171e-18
413.00 4.214954e-18
414.00 4.198564e-18
415.00 4.201979e-18
416.00 4.225176e-18
417.00 4.258261e-18
418.00 4.262645e-18
419.00 4.234464e-18
420.00 4.17376e-18
421.00 4.080573e-18
422.00 3.956288e-18
423.00 3.82129e-18
424.00 3.682456e-18
425.00 3.539792e-18
426.00 3.393304e-18
427.00 3.242998e-18
428.00 3.098049e-18
429.00 2.967927e-18
430.00 2.852612e-18
431.00 2.75208e-18
432.00 2.666308e-18
433.00 2.596184e-18
434.00 2.544647e-18
435.00 2.511891e-18
436.00 2.497884e-18
437.00 2.502593e-18
438.00 2.526132e-18
439.00 2.570448e-18
440.00 2.636118e-18
441.00 2.723097e-18
442.00 2.831343e-18
443.00 2.960813e-18
444.00 3.105169e-18
445.00 3.257605e-18
446.00 3.418101e-18
447.00 3.586637e-18
448.00 3.763195e-18
449.00 3.941575e-18
450.00 4.097838e-18
451.00 4.229643e-18
452.00 4.337045e-18
453.00 4.4201e-18
454.00 4.478969e-18
455.00 4.5163e-18
456.00 4.533262e-18
457.00 4.529904e-18
458.00 4.50628e-18
459.00 4.46244e-18
460.00 4.396319e-18
461.00 4.304069e-18
462.00 4.185676e-18
463.00 4.041212e-18
464.00 3.870752e-18
465.00 3.677572e-18
466.00 3.490077e-18
467.00 3.314913e-18
468.00 3.152046e-18
469.00 3.001443e-18
470.00 2.86307e-18
471.00 2.739627e-18
472.00 2.634236e-18
473.00 2.546846e-18
474.00 2.477403e-18
475.00 2.425851e-18
476.00 2.390598e-18
477.00 2.361996e-18
478.00 2.338362e-18
479.00 2.319678e-18
480.00 2.30593e-18
481.00 2.2971e-18
482.00 2.294809e-18
483.00 2.300739e-18
484.00 2.314863e-18
485.00 2.337151e-18
486.00 2.367575e-18
487.00 2.403967e-18
488.00 2.431078e-18
489.00 2.445955e-18
490.00 2.448642e-18
491.00 2.439186e-18
492.00 2.417633e-18
493.00 2.387889e-18
494.00 2.355724e-18
495.00 2.321203e-18
496.00 2.284336e-18
497.00 2.245131e-18
498.00 2.204459e-18
499.00 2.176284e-18
500.00 2.165455e-18
501.00 2.171899e-18
502.00 2.195545e-18
503.00 2.23632e-18
504.00 2.292084e-18
505.00 2.355853e-18
506.00 2.427033e-18
507.00 2.505591e-18
508.00 2.591494e-18
509.00 2.684708e-18
510.00 2.780342e-18
511.00 2.873147e-18
512.00 2.963131e-18
513.00 3.050306e-18
514.00 3.134683e-18
515.00 3.215869e-18
516.00 3.285596e-18
517.00 3.340643e-18
518.00 3.381078e-18
519.00 3.406972e-18
520.00 3.418392e-18
521.00 3.414072e-18
522.00 3.385851e-18
523.00 3.33244e-18
524.00 3.253962e-18
525.00 3.150545e-18
526.00 3.022315e-18
527.00 2.8815e-18
528.00 2.765995e-18
529.00 2.678411e-18
530.00 2.618603e-18
531.00 2.586431e-18
532.00 2.58175e-18
533.00 2.594303e-18
534.00 2.603837e-18
535.00 2.609812e-18
536.00 2.612246e-18
537.00 2.611158e-18
538.00 2.606567e-18
539.00 2.594202e-18
540.00 2.567552e-18
541.00 2.526627e-18
542.00 2.471506e-18
543.00 2.402269e-18
544.00 2.318997e-18
545.00 2.238879e-18
546.00 2.186424e-18
547.00 2.161668e-18
548.00 2.164451e-18
549.00 2.194615e-18
550.00 2.252001e-18
551.00 2.322426e-18
552.00 2.382279e-18
553.00 2.431248e-18
554.00 2.469396e-18
555.00 2.496787e-18
556.00 2.513485e-18
557.00 2.520298e-18
558.00 2.519112e-18
559.00 2.510059e-18
560.00 2.493188e-18
561.00 2.468548e-18
562.00 2.436185e-18
563.00 2.397449e-18
564.00 2.358384e-18
565.00 2.319747e-18
566.00 2.281534e-18
567.00 2.243744e-18
568.00 2.206376e-18
569.00 2.169802e-18
570.00 2.139531e-18
571.00 2.117346e-18
572.00 2.103195e-18
573.00 2.097026e-18
574.00 2.098788e-18
575.00 2.108428e-18
576.00 2.12609e-18
577.00 2.151934e-18
578.00 2.185907e-18
579.00 2.227953e-18
580.00 2.278018e-18
581.00 2.336046e-18
582.00 2.398382e-18
583.00 2.447829e-18
584.00 2.482241e-18
585.00 2.50172e-18
586.00 2.506369e-18
587.00 2.49629e-18
588.00 2.471603e-18
589.00 2.439718e-18
590.00 2.406651e-18
591.00 2.372409e-18
592.00 2.337002e-18
593.00 2.300439e-18
594.00 2.262729e-18
595.00 2.223998e-18
596.00 2.185114e-18
597.00 2.146251e-18
598.00 2.10741e-18
599.00 2.068593e-18
600.00 2.029799e-18
601.00 1.991028e-18
602.00 1.94789e-18
603.00 1.889709e-18
604.00 1.816112e-18
605.00 1.727212e-18
606.00 1.623126e-18
607.00 1.503968e-18
608.00 1.369852e-18
609.00 1.239308e-18
610.00 1.135168e-18
611.00 1.057299e-18
612.00 1.005507e-18
613.00 9.795948e-19
614.00 9.793663e-19
615.00 1.004621e-18
616.00 1.045992e-18
617.00 1.095029e-18
618.00 1.151672e-18
619.00 1.21586e-18
620.00 1.287535e-18
621.00 1.366636e-18
622.00 1.453105e-18
623.00 1.536888e-18
624.00 1.607426e-18
625.00 1.664819e-18
626.00 1.709169e-18
627.00 1.740579e-18
628.00 1.75915e-18
629.00 1.764985e-18
630.00 1.762354e-18
631.00 1.759371e-18
632.00 1.756241e-18
633.00 1.752965e-18
634.00 1.749545e-18
635.00 1.745981e-18
636.00 1.742276e-18
637.00 1.738192e-18
638.00 1.732399e-18
639.00 1.724705e-18
640.00 1.715127e-18
641.00 1.703679e-18
642.00 1.690378e-18
643.00 1.675238e-18
644.00 1.658282e-18
645.00 1.640869e-18
646.00 1.624023e-18
647.00 1.60774e-18
648.00 1.592015e-18
649.00 1.576844e-18
650.00 1.562223e-18
651.00 1.548147e-18
652.00 1.534304e-18
653.00 1.518624e-18
654.00 1.500738e-18
655.00 1.480665e-18
656.00 1.458425e-18
657.00 1.434037e-18
658.00 1.40752e-18
659.00 1.378892e-18
660.00 1.34902e-18
661.00 1.320304e-18
662.00 1.292878e-18
663.00 1.266732e-18
664.00 1.241855e-18
665.00 1.218237e-18
666.00 1.195866e-18
667.00 1.174733e-18
668.00 1.154809e-18
669.00 1.136039e-18
670.00 1.118412e-18
671.00 1.101918e-18
672.00 1.086547e-18
673.00 1.07229e-18
674.00 1.059137e-18
675.00 1.047079e-18
676.00 1.035762e-18
677.00 1.023953e-18
678.00 1.011547e-18
679.00 9.985513e-19
680.00 9.8497e-19
681.00 9.708094e-19
682.00 9.56075e-19
683.00 9.407724e-19
684.00 9.250299e-19
685.00 9.106879e-19
686.00 8.983481e-19
687.00 8.879921e-19
688.00 8.796018e-19
689.00 8.73159e-19
690.00 8.686457e-19
691.00 8.660439e-19
692.00 8.653355e-19
693.00 8.656824e-19
694.00 8.651434e-19
695.00 8.636458e-19
696.00 8.611987e-19
697.00 8.57811e-19
698.00 8.53492e-19
699.00 8.482504e-19
700.00 8.420952e-19
701.00 8.350359e-19
702.00 8.276225e-19
703.00 8.204455e-19
704.00 8.13503e-19
705.00 8.067931e-19
706.00 8.003136e-19
707.00 7.940625e-19
708.00 7.880376e-19
709.00 7.822371e-19
710.00 7.766588e-19
711.00 7.716958e-19
712.00 7.678312e-19
713.00 7.650557e-19
714.00 7.633585e-19
715.00 7.627291e-19
716.00 7.631568e-19
717.00 7.64631e-19
718.00 7.671413e-19
719.00 7.706773e-19
720.00 7.745967e-19
721.00 7.766175e-19
722.00 7.76553e-19
723.00 7.744241e-19
724.00 7.702518e-19
725.00 7.64057e-19
726.00 7.558604e-19
727.00 7.456825e-19
728.00 7.335438e-19
729.00 7.194663e-19
730.00 7.04945e-19
731.00 6.912846e-19
732.00 6.784765e-19
733.00 6.665123e-19
734.00 6.553838e-19
735.00 6.450825e-19
736.00 6.356004e-19
737.00 6.269291e-19
738.00 6.190605e-19
739.00 6.119843e-19
740.00 6.054485e-19
741.00 5.992837e-19
742.00 5.934862e-19
743.00 5.880522e-19
744.00 5.829783e-19
745.00 5.782606e-19
746.00 5.738957e-19
747.00 5.6988e-19
748.00 5.662097e-19
749.00 5.628815e-19
750.00 5.595104e-19
751.00 5.553797e-19
752.00 5.504807e-19
753.00 5.448219e-19
754.00 5.384115e-19
755.00 5.312578e-19
756.00 5.233691e-19
757.00 5.147534e-19
758.00 5.054189e-19
759.00 4.953737e-19
760.00 4.846512e-19
761.00 4.744916e-19
762.00 4.655676e-19
763.00 4.57866e-19
764.00 4.513739e-19
765.00 4.460781e-19
766.00 4.419659e-19
767.00 4.390245e-19
768.00 4.37241e-19
769.00 4.366029e-19
770.00 4.370977e-19
771.00 4.387103e-19
772.00 4.409252e-19
773.00 4.433584e-19
774.00 4.460071e-19
775.00 4.488691e-19
776.00 4.519419e-19
777.00 4.552229e-19
778.00 4.587097e-19
779.00 4.624e-19
780.00 4.662914e-19
781.00 4.703814e-19
782.00 4.746678e-19
783.00 4.788873e-19
784.00 4.81598e-19
785.00 4.825954e-19
786.00 4.818989e-19
787.00 4.795275e-19
788.00 4.755002e-19
789.00 4.698359e-19
790.00 4.625533e-19
791.00 4.53671e-19
792.00 4.432075e-19
793.00 4.311811e-19
794.00 4.176101e-19
795.00 4.027761e-19
796.00 3.886607e-19
797.00 3.756576e-19
798.00 3.637545e-19
799.00 3.529393e-19
800.00 3.431998e-19
801.00 3.345239e-19
802.00 3.268998e-19
803.00 3.203156e-19
804.00 3.147595e-19
805.00 3.102197e-19
806.00 3.066849e-19
807.00 3.041433e-19
808.00 3.020216e-19
809.00 2.991463e-19
810.00 2.954898e-19
811.00 2.910613e-19
812.00 2.8587e-19
813.00 2.79925e-19
814.00 2.732353e-19
815.00 2.6581e-19
816.00 2.576577e-19
817.00 2.487875e-19
818.00 2.392081e-19
819.00 2.289281e-19
820.00 2.179562e-19
821.00 2.067779e-19
822.00 1.982571e-19
823.00 1.928392e-19
824.00 1.904878e-19
825.00 1.911666e-19
826.00 1.948395e-19
827.00 2.014709e-19
828.00 2.110253e-19
829.00 2.234675e-19
830.00 2.387627e-19
831.00 2.568762e-19
832.00 2.777736e-19
833.00 3.014209e-19
834.00 3.277842e-19
835.00 3.563774e-19
836.00 3.84139e-19
837.00 4.105156e-19
838.00 4.355231e-19
839.00 4.591768e-19
840.00 4.814923e-19
841.00 5.024849e-19
842.00 5.221699e-19
843.00 5.405621e-19
844.00 5.576768e-19
845.00 5.735286e-19
846.00 5.881324e-19
847.00 6.015027e-19
848.00 6.136541e-19
850.00 5.985635e-19
851.00 6.102867e-19
852.00 6.209467e-19
853.00 6.305388e-19
854.00 6.390731e-19
855.00 6.465696e-19
856.00 6.530532e-19
857.00 6.585515e-19
858.00 6.630929e-19
859.00 6.66708e-19
860.00 6.694319e-19
861.00 6.713071e-19
862.00 6.723826e-19
863.00 6.727092e-19
864.00 6.723325e-19
865.00 6.712862e-19
866.00 6.695917e-19
867.00 6.672633e-19
868.00 6.643183e-19
869.00 6.607835e-19
870.00 6.56696e-19
871.00 6.520916e-19
872.00 6.469873e-19
873.00 6.413647e-19
874.00 6.351644e-19
875.00 6.282938e-19
876.00 6.206489e-19
877.00 6.121432e-19
878.00 6.027363e-19
879.00 5.924512e-19
880.00 5.813801e-19
881.00 5.696756e-19
882.00 5.575338e-19
883.00 5.45175e-19
884.00 5.328241e-19
885.00 5.206929e-19
886.00 5.089645e-19
887.00 4.977799e-19
888.00 4.87229e-19
889.00 4.773503e-19
890.00 4.681384e-19
891.00 4.595595e-19
892.00 4.515676e-19
893.00 4.441155e-19
894.00 4.371584e-19
895.00 4.306513e-19
896.00 4.245455e-19
897.00 4.187903e-19
898.00 4.133409e-19
899.00 4.081703e-19
900.00 4.032782e-19
901.00 3.986902e-19
902.00 3.944475e-19
903.00 3.905884e-19
904.00 3.871313e-19
905.00 3.840616e-19
906.00 3.813298e-19
907.00 3.788568e-19
908.00 3.765443e-19
909.00 3.742879e-19
910.00 3.719921e-19
911.00 3.695863e-19
912.00 3.670405e-19
913.00 3.643771e-19
914.00 3.616775e-19
915.00 3.590773e-19
916.00 3.567459e-19
917.00 3.548474e-19
918.00 3.534906e-19
919.00 3.526893e-19
920.00 3.523537e-19
921.00 3.523188e-19
922.00 3.523908e-19
923.00 3.523805e-19
924.00 3.521095e-19
925.00 3.514026e-19
926.00 3.500985e-19
927.00 3.480964e-19
928.00 3.451593e-19
929.00 3.415767e-19
930.00 3.37846e-19
931.00 3.343488e-19
932.00 3.3137e-19
933.00 3.290186e-19
934.00 3.272339e-19
935.00 3.258556e-19
936.00 3.247048e-19
937.00 3.23637e-19
938.00 3.225575e-19
939.00 3.214131e-19
940.00 3.201766e-19
941.00 3.188339e-19
942.00 3.173776e-19
943.00 3.15803e-19
944.00 3.141076e-19
945.00 3.122908e-19
946.00 3.103539e-19
947.00 3.083005e-19
948.00 3.061364e-19
949.00 3.038695e-19
950.00 3.015097e-19
951.00 2.990686e-19
952.00 2.965591e-19
953.00 2.939949e-19
954.00 2.9139e-19
955.00 2.887581e-19
956.00 2.861123e-19
957.00 2.834643e-19
958.00 2.808246e-19
959.00 2.782019e-19
960.00 2.756033e-19
961.00 2.730339e-19
962.00 2.704978e-19
963.00 2.679975e-19
964.00 2.655347e-19
965.00 2.631105e-19
966.00 2.607258e-19
967.00 2.583816e-19
968.00 2.56079e-19
969.00 2.5382e-19
970.00 2.516067e-19
971.00 2.494421e-19
972.00 2.473299e-19
973.00 2.452739e-19
974.00 2.432787e-19
975.00 2.413487e-19
976.00 2.394886e-19
977.00 2.377028e-19
978.00 2.359953e-19
979.00 2.343699e-19
980.00 2.328296e-19
981.00 2.31377e-19
982.00 2.300137e-19
983.00 2.287409e-19
984.00 2.275585e-19
985.00 2.26466e-19
986.00 2.254619e-19
987.00 2.245437e-19
988.00 2.237083e-19
989.00 2.229513e-19
990.00 2.222679e-19
991.00 2.21652e-19
992.00 2.210969e-19
993.00 2.205952e-19
994.00 2.201385e-19
995.00 2.197182e-19
996.00 2.193249e-19
997.00 2.18949e-19
998.00 2.185809e-19
999.00 2.182107e-19
1000.00 2.178292e-19
1001.00 2.17427e-19
1002.00 2.169958e-19
1003.00 2.165276e-19
1004.00 2.160156e-19
1005.00 2.154538e-19
1006.00 2.148372e-19
1007.00 2.141619e-19
1008.00 2.134252e-19
1009.00 2.126252e-19
1010.00 2.117614e-19
1011.00 2.108338e-19
1012.00 2.098434e-19
1013.00 2.08792e-19
1014.00 2.076819e-19
1015.00 2.065159e-19
1016.00 2.05297e-19
1017.00 2.040286e-19
1018.00 2.027143e-19
1019.00 2.013576e-19
1020.00 1.999623e-19
1021.00 1.985318e-19
1022.00 1.970699e-19
1023.00 1.9558e-19
1024.00 1.940656e-19
1025.00 1.925301e-19
1026.00 1.909769e-19
1027.00 1.894094e-19
1028.00 1.878309e-19
1029.00 1.862448e-19
1030.00 1.846542e-19
1031.00 1.830626e-19
1032.00 1.814733e-19
1033.00 1.798895e-19
1034.00 1.783145e-19
1035.00 1.767515e-19
1036.00 1.752036e-19
1037.00 1.736739e-19
1038.00 1.721655e-19
1039.00 1.706811e-19
1040.00 1.692236e-19
1041.00 1.677958e-19
1042.00 1.664003e-19
1043.00 1.650397e-19
1044.00 1.637163e-19
1045.00 1.624324e-19
1046.00 1.611903e-19
1047.00 1.599919e-19
1048.00 1.588389e-19
1049.00 1.57733e-19
1050.00 1.566753e-19
1051.00 1.556668e-19
1052.00 1.54708e-19
1053.00 1.537992e-19
1054.00 1.529399e-19
1055.00 1.521298e-19
1056.00 1.513675e-19
1057.00 1.506515e-19
1058.00 1.4998e-19
1059.00 1.493507e-19
1060.00 1.48761e-19
1061.00 1.48208e-19
1062.00 1.476887e-19
1063.00 1.471999e-19
1064.00 1.467383e-19
1065.00 1.463008e-19
1066.00 1.458839e-19
1067.00 1.454847e-19
1068.00 1.451001e-19
1069.00 1.447271e-19
1070.00 1.443632e-19
1071.00 1.440057e-19
1072.00 1.436524e-19
1073.00 1.433012e-19
1074.00 1.429502e-19
1075.00 1.425978e-19
1076.00 1.422424e-19
1077.00 1.418829e-19
1078.00 1.415183e-19
1079.00 1.411479e-19
1080.00 1.407711e-19
1081.00 1.403876e-19
1082.00 1.399973e-19
1083.00 1.396002e-19
1084.00 1.391965e-19
1085.00 1.387866e-19
1086.00 1.383707e-19
1087.00 1.379493e-19
1088.00 1.375226e-19
1089.00 1.370911e-19
1090.00 1.366548e-19
1091.00 1.362137e-19
1092.00 1.357678e-19
1093.00 1.353166e-19
1094.00 1.348596e-19
1095.00 1.343964e-19
1096.00 1.33926e-19
1097.00 1.334476e-19
1098.00 1.329606e-19
1099.00 1.32464e-19
1100.00 1.319572e-19
1101.00 1.314397e-19
1102.00 1.309112e-19
1103.00 1.303717e-19
1104.00 1.298216e-19
1105.00 1.292613e-19
1106.00 1.286919e-19
1107.00 1.281147e-19
1108.00 1.275311e-19
1109.00 1.269429e-19
1110.00 1.263523e-19
1111.00 1.257612e-19
1112.00 1.251722e-19
1113.00 1.245874e-19
1114.00 1.240092e-19
1115.00 1.234399e-19
1116.00 1.228816e-19
1117.00 1.223364e-19
1118.00 1.21806e-19
1119.00 1.21292e-19
1120.00 1.207959e-19
1121.00 1.203189e-19
1122.00 1.198618e-19
1123.00 1.194253e-19
1124.00 1.1901e-19
1125.00 1.186161e-19
1126.00 1.182435e-19
1127.00 1.178922e-19
1128.00 1.175618e-19
1129.00 1.172517e-19
1130.00 1.169612e-19
1131.00 1.166895e-19
1132.00 1.164353e-19
1133.00 1.161976e-19
1134.00 1.159749e-19
1135.00 1.157657e-19
1136.00 1.155684e-19
1137.00 1.153814e-19
1138.00 1.152028e-19
1139.00 1.150308e-19
1140.00 1.148635e-19
1141.00 1.146991e-19
1142.00 1.145358e-19
1143.00 1.143718e-19
1144.00 1.142054e-19
1145.00 1.14035e-19
1146.00 1.138592e-19
1147.00 1.136765e-19
1148.00 1.134857e-19
1149.00 1.132858e-19
1150.00 1.130757e-19
1151.00 1.128546e-19
1152.00 1.126216e-19
1153.00 1.123763e-19
1154.00 1.121178e-19
1155.00 1.118459e-19
1156.00 1.115599e-19
1157.00 1.112596e-19
1158.00 1.109445e-19
1159.00 1.106144e-19
1160.00 1.10269e-19
1161.00 1.09908e-19
1162.00 1.095312e-19
1163.00 1.091383e-19
1164.00 1.087291e-19
1165.00 1.083033e-19
1166.00 1.078608e-19
1167.00 1.074014e-19
1168.00 1.069248e-19
1169.00 1.064309e-19
1170.00 1.059195e-19
1171.00 1.053905e-19
1172.00 1.048437e-19
1173.00 1.042791e-19
1174.00 1.036968e-19
1175.00 1.030968e-19
1176.00 1.024792e-19
1177.00 1.018444e-19
1178.00 1.011927e-19
1179.00 1.005248e-19
1180.00 9.984113e-20
1181.00 9.914269e-20
1182.00 9.843041e-20
1183.00 9.770545e-20
1184.00 9.696913e-20
1185.00 9.622291e-20
1186.00 9.546839e-20
1187.00 9.470733e-20
1188.00 9.394158e-20
1189.00 9.317311e-20
1190.00 9.240391e-20
1191.00 9.163607e-20
1192.00 9.087163e-20
1193.00 9.011267e-20
1194.00 8.936114e-20
1195.00 8.861898e-20
1196.00 8.788796e-20
1197.00 8.716971e-20
1198.00 8.646566e-20
1199.00 8.577709e-20
1200.00 8.510501e-20
1201.00 8.44502e-20
1202.00 8.381322e-20
1203.00 8.319438e-20
1204.00 8.259379e-20
1205.00 8.201132e-20
1206.00 8.144673e-20
1207.00 8.089959e-20
1208.00 8.036942e-20
1209.00 7.985569e-20
1210.00 7.93579e-20
1211.00 7.887558e-20
1212.00 7.840841e-20
1213.00 7.79562e-20
1214.00 7.751896e-20
1215.00 7.709688e-20
1216.00 7.669042e-20
1217.00 7.630023e-20
1218.00 7.592717e-20
1219.00 7.557226e-20
1220.00 7.52367e-20
1221.00 7.492174e-20
1222.00 7.462869e-20
1223.00 7.435884e-20
1224.00 7.411337e-20
1225.00 7.389335e-20
1226.00 7.369963e-20
1227.00 7.353284e-20
1228.00 7.339332e-20
1229.00 7.328111e-20
1230.00 7.319596e-20
1231.00 7.313729e-20
1232.00 7.310423e-20
1233.00 7.309563e-20
1234.00 7.311012e-20
1235.00 7.314609e-20
1236.00 7.320182e-20
1237.00 7.327545e-20
1238.00 7.336505e-20
1239.00 7.346869e-20
1240.00 7.358445e-20
1241.00 7.371048e-20
1242.00 7.384501e-20
1243.00 7.398637e-20
1244.00 7.413304e-20
1245.00 7.428361e-20
1246.00 7.44368e-20
1247.00 7.459146e-20
1248.00 7.474654e-20
1249.00 7.490109e-20
1250.00 7.505423e-20
1251.00 7.520513e-20
1252.00 7.535301e-20
1253.00 7.549707e-20
1254.00 7.563652e-20
1255.00 7.577054e-20
1256.00 7.589828e-20
1257.00 7.601881e-20
1258.00 7.613117e-20
1259.00 7.623434e-20
1260.00 7.632724e-20
1261.00 7.640872e-20
1262.00 7.647762e-20
1263.00 7.653274e-20
1264.00 7.657288e-20
1265.00 7.659686e-20
1266.00 7.660351e-20
1267.00 7.659175e-20
1268.00 7.656057e-20
1269.00 7.650908e-20
1270.00 7.643652e-20
1271.00 7.634228e-20
1272.00 7.622595e-20
1273.00 7.608729e-20
1274.00 7.592629e-20
1275.00 7.574314e-20
1276.00 7.553826e-20
1277.00 7.531229e-20
1278.00 7.506609e-20
1279.00 7.480073e-20
1280.00 7.451747e-20
1281.00 7.421773e-20
1282.00 7.39031e-20
1283.00 7.357526e-20
1284.00 7.323603e-20
1285.00 7.288724e-20
1286.00 7.253079e-20
1287.00 7.216854e-20
1288.00 7.180235e-20
1289.00 7.143398e-20
1290.00 7.106513e-20
1291.00 7.069734e-20
1292.00 7.033205e-20
1293.00 6.997052e-20
1294.00 6.961383e-20
1295.00 6.926292e-20
1296.00 6.891851e-20
1297.00 6.858117e-20
1298.00 6.825128e-20
1299.00 6.792907e-20
1300.00 6.761461e-20
1301.00 6.730784e-20
1302.00 6.700858e-20
1303.00 6.671657e-20
1304.00 6.643146e-20
1305.00 6.615286e-20
1306.00 6.588034e-20
1307.00 6.561345e-20
1308.00 6.535176e-20
1309.00 6.509484e-20
1310.00 6.484232e-20
1311.00 6.459384e-20
1312.00 6.434912e-20
1313.00 6.410791e-20
1314.00 6.387005e-20
1315.00 6.36354e-20
1316.00 6.340389e-20
1317.00 6.31755e-20
1318.00 6.295025e-20
1319.00 6.272816e-20
1320.00 6.250929e-20
1321.00 6.229373e-20
1322.00 6.208151e-20
1323.00 6.18727e-20
1324.00 6.166732e-20
1325.00 6.146536e-20
1326.00 6.126679e-20
1327.00 6.107152e-20
1328.00 6.087942e-20
1329.00 6.069031e-20
1330.00 6.050398e-20
1331.00 6.032016e-20
1332.00 6.013854e-20
1333.00 5.995878e-20
1334.00 5.97805e-20
1335.00 5.960327e-20
1336.00 5.942667e-20
1337.00 5.925024e-20
1338.00 5.907349e-20
1339.00 5.889592e-20
1340.00 5.871704e-20
1341.00 5.853633e-20
1342.00 5.835328e-20
1343.00 5.816736e-20
1344.00 5.797807e-20
1345.00 5.778492e-20
1346.00 5.758742e-20
1347.00 5.738512e-20
1348.00 5.717761e-20
1349.00 5.696452e-20
1350.00 5.674551e-20
1351.00 5.652033e-20
1352.00 5.628879e-20
1353.00 5.605078e-20
1354.00 5.580627e-20
1355.00 5.555532e-20
1356.00 5.529809e-20
1357.00 5.503482e-20
1358.00 5.476586e-20
1359.00 5.449161e-20
1360.00 5.421259e-20
1361.00 5.392933e-20
1362.00 5.364247e-20
1363.00 5.335263e-20
1364.00 5.306048e-20
1365.00 5.276669e-20
1366.00 5.24719e-20
1367.00 5.217675e-20
1368.00 5.188178e-20
1369.00 5.158753e-20
1370.00 5.129443e-20
1371.00 5.100287e-20
1372.00 5.071315e-20
1373.00 5.042549e-20
1374.00 5.014005e-20
1375.00 4.985693e-20
1376.00 4.957616e-20
1377.00 4.929775e-20
1378.00 4.902167e-20
1379.00 4.874788e-20
1380.00 4.847634e-20
1381.00 4.820702e-20
1382.00 4.79399e-20
1383.00 4.767502e-20
1384.00 4.741242e-20
1385.00 4.715222e-20
1386.00 4.689455e-20
1387.00 4.663959e-20
1388.00 4.638756e-20
1389.00 4.613869e-20
1390.00 4.589325e-20
1391.00 4.565149e-20
1392.00 4.54137e-20
1393.00 4.518012e-20
1394.00 4.495097e-20
1395.00 4.472647e-20
1396.00 4.450677e-20
1397.00 4.4292e-20
1398.00 4.408221e-20
1399.00 4.387744e-20
1400.00 4.367764e-20
1401.00 4.348275e-20
1402.00 4.329265e-20
1403.00 4.310716e-20
1404.00 4.292611e-20
1405.00 4.274926e-20
1406.00 4.257637e-20
1407.00 4.24072e-20
1408.00 4.224147e-20
1409.00 4.207894e-20
1410.00 4.191934e-20
1411.00 4.176243e-20
1412.00 4.160801e-20
1413.00 4.145585e-20
1414.00 4.130579e-20
1415.00 4.115768e-20
1416.00 4.101141e-20
1417.00 4.086687e-20
1418.00 4.072401e-20
1419.00 4.05828e-20
1420.00 4.044321e-20
1421.00 4.030526e-20
1422.00 4.016895e-20
1423.00 4.003433e-20
1424.00 3.990143e-20
1425.00 3.977025e-20
1426.00 3.964084e-20
1427.00 3.951317e-20
1428.00 3.938726e-20
1429.00 3.926305e-20
1430.00 3.91405e-20
1431.00 3.901952e-20
1432.00 3.890003e-20
1433.00 3.878192e-20
1434.00 3.866507e-20
1435.00 3.854939e-20
1436.00 3.843475e-20
1437.00 3.832109e-20
1438.00 3.820834e-20
1439.00 3.809647e-20
1440.00 3.798549e-20
1441.00 3.787545e-20
1442.00 3.776644e-20
1443.00 3.765858e-20
1444.00 3.755202e-20
1445.00 3.744695e-20
1446.00 3.734354e-20
1447.00 3.724199e-20
1448.00 3.714244e-20
1449.00 3.704503e-20
1450.00 3.694983e-20
1451.00 3.685685e-20
1452.00 3.676602e-20
1453.00 3.667716e-20
1454.00 3.659005e-20
1455.00 3.650431e-20
1456.00 3.641953e-20
1457.00 3.633519e-20
1458.00 3.625071e-20
1459.00 3.616548e-20
1460.00 3.607887e-20
1461.00 3.599026e-20
1462.00 3.589909e-20
1463.00 3.580486e-20
1464.00 3.570718e-20
1465.00 3.560582e-20
1466.00 3.550071e-20
1467.00 3.539196e-20
1468.00 3.527992e-20
1469.00 3.516514e-20
1470.00 3.50484e-20
1471.00 3.493072e-20
1472.00 3.481333e-20
1473.00 3.469766e-20
1474.00 3.458531e-20
1475.00 3.447805e-20
1476.00 3.437775e-20
1477.00 3.428638e-20
1478.00 3.420593e-20
1479.00 3.413841e-20
1480.00 3.408581e-20
1481.00 3.405005e-20
1482.00 3.403295e-20
1483.00 3.403621e-20
1484.00 3.406137e-20
1485.00 3.410984e-20
1486.00 3.418282e-20
1487.00 3.428135e-20
1488.00 3.440628e-20
1489.00 3.455827e-20
1490.00 3.47378e-20
1491.00 3.49452e-20
1492.00 3.518062e-20
1493.00 3.544407e-20
1494.00 3.573542e-20
1495.00 3.605443e-20
1496.00 3.640073e-20
1497.00 3.677386e-20
1498.00 3.717326e-20
1499.00 3.759828e-20
1500.00 3.804819e-20
1501.00 3.852218e-20
1502.00 3.901937e-20
1503.00 3.953879e-20
1504.00 4.00794e-20
1505.00 4.064008e-20
1506.00 4.121962e-20
1507.00 4.181675e-20
1508.00 4.243011e-20
1509.00 4.305823e-20
1510.00 4.36996e-20
1511.00 4.435258e-20
1512.00 4.501549e-20
1513.00 4.568654e-20
1514.00 4.636388e-20
1515.00 4.704558e-20
1516.00 4.772964e-20
1517.00 4.841403e-20
1518.00 4.909663e-20
1519.00 4.977532e-20
1520.00 5.044792e-20
1521.00 5.111225e-20
1522.00 5.176613e-20
1523.00 5.240739e-20
1524.00 5.303387e-20
1525.00 5.364349e-20
1526.00 5.42342e-20
1527.00 5.480406e-20
1528.00 5.53512e-20
1529.00 5.587388e-20
1530.00 5.63705e-20
1531.00 5.683959e-20
1532.00 5.727986e-20
1533.00 5.769019e-20
1534.00 5.806964e-20
1535.00 5.841746e-20
1536.00 5.873312e-20
1537.00 5.901625e-20
1538.00 5.926671e-20
1539.00 5.948453e-20
1540.00 5.966993e-20
1541.00 5.982331e-20
1542.00 5.99452e-20
1543.00 6.003629e-20
1544.00 6.009739e-20
1545.00 6.012943e-20
1546.00 6.013339e-20
1547.00 6.011034e-20
1548.00 6.006138e-20
1549.00 5.998767e-20
1550.00 5.989033e-20
1551.00 5.977053e-20
1552.00 5.962938e-20
1553.00 5.946799e-20
1554.00 5.928742e-20
1555.00 5.908871e-20
1556.00 5.887285e-20
1557.00 5.864078e-20
1558.00 5.839341e-20
1559.00 5.813163e-20
1560.00 5.785628e-20
1561.00 5.756818e-20
1562.00 5.726814e-20
1563.00 5.695696e-20
1564.00 5.663543e-20
1565.00 5.630434e-20
1566.00 5.596451e-20
1567.00 5.561675e-20
1568.00 5.526189e-20
1569.00 5.490077e-20
1570.00 5.453424e-20
1571.00 5.416319e-20
1572.00 5.378849e-20
1573.00 5.341103e-20
1574.00 5.303169e-20
1575.00 5.265136e-20
1576.00 5.227091e-20
1577.00 5.189119e-20
1578.00 5.151305e-20
1579.00 5.113729e-20
1580.00 5.076469e-20
1581.00 5.0396e-20
1582.00 5.003192e-20
1583.00 4.967313e-20
1584.00 4.932024e-20
1585.00 4.897385e-20
1586.00 4.863448e-20
1587.00 4.830263e-20
1588.00 4.797875e-20
1589.00 4.766325e-20
1590.00 4.735648e-20
1591.00 4.705876e-20
1592.00 4.677037e-20
1593.00 4.649153e-20
1594.00 4.622243e-20
1595.00 4.59632e-20
1596.00 4.571395e-20
1597.00 4.547473e-20
1598.00 4.524554e-20
1599.00 4.502636e-20
1600.00 4.481713e-20
1601.00 4.461773e-20
1602.00 4.442803e-20
1603.00 4.424787e-20
1604.00 4.407706e-20
1605.00 4.391542e-20
1606.00 4.376272e-20
1607.00 4.361877e-20
1608.00 4.348336e-20
1609.00 4.335633e-20
1610.00 4.32375e-20
1611.00 4.312674e-20
1612.00 4.302398e-20
1613.00 4.292916e-20
1614.00 4.284227e-20
1615.00 4.276334e-20
1616.00 4.269247e-20
1617.00 4.262978e-20
1618.00 4.257542e-20
1619.00 4.25296e-20
1620.00 4.249253e-20
1621.00 4.246444e-20
1622.00 4.244557e-20
1623.00 4.243612e-20
1624.00 4.243631e-20
1625.00 4.244629e-20
1626.00 4.246619e-20
1627.00 4.249607e-20
1628.00 4.253592e-20
1629.00 4.258567e-20
1630.00 4.264514e-20
1631.00 4.271409e-20
1632.00 4.279217e-20
1633.00 4.287897e-20
1634.00 4.297398e-20
1635.00 4.30766e-20
1636.00 4.318618e-20
1637.00 4.330198e-20
1638.00 4.342323e-20
1639.00 4.354912e-20
1640.00 4.36788e-20
1641.00 4.381142e-20
1642.00 4.394612e-20
1643.00 4.408207e-20
1644.00 4.421846e-20
1645.00 4.435452e-20
1646.00 4.448954e-20
1647.00 4.462287e-20
1648.00 4.475394e-20
1649.00 4.488224e-20
1650.00 4.500735e-20
1651.00 4.512894e-20
1652.00 4.524676e-20
1653.00 4.536064e-20
1654.00 4.547051e-20
1655.00 4.557634e-20
1656.00 4.567822e-20
1657.00 4.577627e-20
1658.00 4.587068e-20
1659.00 4.59617e-20
1660.00 4.604962e-20
1661.00 4.613477e-20
1662.00 4.621751e-20
1663.00 4.629822e-20
1664.00 4.637732e-20
1665.00 4.645523e-20
1666.00 4.65324e-20
1667.00 4.660926e-20
1668.00 4.668628e-20
1669.00 4.676392e-20
1670.00 4.684264e-20
1671.00 4.69229e-20
1672.00 4.700518e-20
1673.00 4.708993e-20
1674.00 4.717762e-20
1675.00 4.72687e-20
1676.00 4.736363e-20
1677.00 4.746286e-20
1678.00 4.756679e-20
1679.00 4.767585e-20
1680.00 4.779044e-20
1681.00 4.79109e-20
1682.00 4.803757e-20
1683.00 4.817077e-20
1684.00 4.831074e-20
1685.00 4.845771e-20
1686.00 4.861186e-20
1687.00 4.87733e-20
1688.00 4.894212e-20
1689.00 4.911834e-20
1690.00 4.930194e-20
1691.00 4.949284e-20
1692.00 4.969091e-20
1693.00 4.989601e-20
1694.00 5.01079e-20
1695.00 5.032636e-20
1696.00 5.055111e-20
1697.00 5.078186e-20
1698.00 5.101826e-20
1699.00 5.126e-20
1700.00 5.150673e-20
1701.00 5.17581e-20
1702.00 5.201374e-20
1703.00 5.227332e-20
1704.00 5.253647e-20
1705.00 5.280285e-20
1706.00 5.307212e-20
1707.00 5.334395e-20
1708.00 5.361798e-20
1709.00 5.389388e-20
1710.00 5.41713e-20
1711.00 5.444988e-20
1712.00 5.472925e-20
1713.00 5.5009e-20
1714.00 5.528873e-20
1715.00 5.556796e-20
1716.00 5.584622e-20
1717.00 5.612297e-20
1718.00 5.639766e-20
1719.00 5.666967e-20
1720.00 5.693835e-20
1721.00 5.720301e-20
1722.00 5.746292e-20
1723.00 5.771732e-20
1724.00 5.796544e-20
1725.00 5.820646e-20
1726.00 5.84396e-20
1727.00 5.866404e-20
1728.00 5.887899e-20
1729.00 5.908372e-20
1730.00 5.927748e-20
1731.00 5.945963e-20
1732.00 5.962956e-20
1733.00 5.978674e-20
1734.00 5.993072e-20
1735.00 6.006116e-20
1736.00 6.017779e-20
1737.00 6.028045e-20
1738.00 6.036909e-20
1739.00 6.044374e-20
1740.00 6.050453e-20
1741.00 6.055169e-20
1742.00 6.058551e-20
1743.00 6.060637e-20
1744.00 6.06147e-20
1745.00 6.061099e-20
1746.00 6.059575e-20
1747.00 6.056952e-20
1748.00 6.053286e-20
1749.00 6.048631e-20
1750.00 6.043041e-20
1751.00 6.036569e-20
1752.00 6.029264e-20
1753.00 6.021171e-20
1754.00 6.012334e-20
1755.00 6.002789e-20
1756.00 5.992573e-20
1757.00 5.981715e-20
1758.00 5.970244e-20
1759.00 5.958184e-20
1760.00 5.945556e-20
1761.00 5.932383e-20
1762.00 5.918682e-20
1763.00 5.904472e-20
1764.00 5.889772e-20
1765.00 5.8746e-20
1766.00 5.858978e-20
1767.00 5.842924e-20
1768.00 5.826463e-20
1769.00 5.809617e-20
1770.00 5.792412e-20
1771.00 5.774874e-20
1772.00 5.75703e-20
1773.00 5.738908e-20
1774.00 5.720537e-20
1775.00 5.701944e-20
1776.00 5.683156e-20
1777.00 5.6642e-20
1778.00 5.6451e-20
1779.00 5.62588e-20
1780.00 5.606559e-20
1781.00 5.587157e-20
1782.00 5.567689e-20
1783.00 5.548167e-20
1784.00 5.528603e-20
1785.00 5.509004e-20
1786.00 5.489375e-20
1787.00 5.46972e-20
1788.00 5.450041e-20
1789.00 5.430336e-20
1790.00 5.410605e-20
1791.00 5.390843e-20
1792.00 5.371049e-20
1793.00 5.351217e-20
1794.00 5.331344e-20
1795.00 5.311424e-20
1796.00 5.291453e-20
1797.00 5.271427e-20
1798.00 5.251342e-20
1799.00 5.231192e-20
1800.00 5.210975e-20
