# Wavelength(nm)  Flambda(ergs/cm^s/s/nm)
30.00 2.84743e-72
31.00 2.822952e-72
32.00 2.798216e-72
33.00 2.773222e-72
34.00 2.747967e-72
35.00 2.722449e-72
36.00 2.696668e-72
37.00 2.67062e-72
38.00 2.644305e-72
39.00 2.61772e-72
40.00 2.590864e-72
41.00 2.563735e-72
42.00 2.53633e-72
43.00 2.508649e-72
44.00 2.48069e-72
45.00 2.45245e-72
46.00 2.423922e-72
47.00 2.395148e-72
48.00 2.365867e-72
49.00 2.337591e-72
50.00 2.30165e-72
51.00 2.307367e-72
52.00 2.074869e-72
53.00 3.230481e-72
54.00 0
55.00 3.363846e-71
56.00 0
57.00 1.000618e-69
58.00 0
59.00 3.278869e-68
60.00 0
61.00 1.091269e-66
62.00 0
63.00 3.417814e-65
64.00 0
65.00 1.103993e-63
66.00 0
67.00 3.454583e-62
68.00 0
69.00 1.130069e-60
70.00 0
71.00 3.530741e-59
72.00 0
73.00 1.083781e-57
74.00 0
75.00 3.376566e-56
76.00 0
77.00 1.029363e-54
78.00 0
79.00 3.157816e-53
80.00 0
81.00 9.144318e-52
82.00 0
83.00 2.680849e-50
84.00 0
85.00 6.97226e-49
86.00 0
87.00 1.968737e-47
88.00 0
89.00 5.045203e-46
90.00 0
91.00 1.042337e-44
92.00 0
93.00 1.111959e-43
94.00 0
95.00 0
96.00 1.214171e-25
97.00 2.90005e-25
98.00 4.60013e-25
99.00 6.314501e-25
100.00 8.043253e-25
101.00 9.786477e-25
102.00 1.194595e-24
103.00 1.460829e-24
104.00 1.78813e-24
105.00 2.188897e-24
106.00 2.677076e-24
107.00 3.267953e-24
108.00 3.977781e-24
109.00 4.823253e-24
110.00 5.820825e-24
111.00 6.985939e-24
112.00 8.332206e-24
113.00 9.870609e-24
114.00 1.160881e-23
115.00 1.355055e-23
116.00 1.569528e-23
117.00 1.803786e-23
118.00 2.056849e-23
119.00 2.327277e-23
120.00 2.613185e-23
121.00 2.912287e-23
122.00 3.221936e-23
123.00 3.539192e-23
124.00 3.860894e-23
125.00 4.183746e-23
126.00 4.504404e-23
127.00 4.819575e-23
128.00 5.126102e-23
129.00 5.421051e-23
130.00 5.701785e-23
131.00 5.966029e-23
132.00 6.211921e-23
133.00 6.438051e-23
134.00 6.643483e-23
135.00 6.82778e-23
136.00 6.991017e-23
137.00 7.133795e-23
138.00 7.257275e-23
139.00 7.363219e-23
140.00 7.45407e-23
141.00 7.533061e-23
142.00 7.604352e-23
143.00 7.673207e-23
144.00 7.746163e-23
145.00 7.831163e-23
146.00 7.937595e-23
147.00 8.076153e-23
148.00 8.258464e-23
149.00 8.496399e-23
150.00 8.801058e-23
151.00 9.181463e-23
152.00 9.643075e-23
153.00 1.018633e-22
154.00 1.080542e-22
155.00 1.148766e-22
156.00 1.221356e-22
157.00 1.295792e-22
158.00 1.369169e-22
159.00 1.438469e-22
160.00 1.500869e-22
161.00 1.554046e-22
162.00 1.596434e-22
163.00 1.627405e-22
164.00 1.647331e-22
165.00 1.657547e-22
166.00 1.660201e-22
167.00 1.65805e-22
168.00 1.654206e-22
169.00 1.651883e-22
170.00 1.654167e-22
171.00 1.663825e-22
172.00 1.683145e-22
173.00 1.713832e-22
174.00 1.756925e-22
175.00 1.812742e-22
176.00 1.880859e-22
177.00 1.960117e-22
178.00 2.048656e-22
179.00 2.144014e-22
180.00 2.243253e-22
181.00 2.343144e-22
182.00 2.440383e-22
183.00 2.531823e-22
184.00 2.614697e-22
185.00 2.686814e-22
186.00 2.746695e-22
187.00 2.793643e-22
188.00 2.827742e-22
189.00 2.849786e-22
190.00 2.861146e-22
191.00 2.863612e-22
192.00 2.859204e-22
193.00 2.849999e-22
194.00 2.83797e-22
195.00 2.824856e-22
196.00 2.812079e-22
197.00 2.800694e-22
198.00 2.791382e-22
199.00 2.784485e-22
200.00 2.780054e-22
201.00 4.312677e-22
202.00 8.956917e-22
203.00 1.67731e-21
204.00 2.782226e-21
205.00 4.216617e-21
206.00 5.986744e-21
207.00 8.066378e-21
208.00 9.996802e-21
209.00 1.162325e-20
210.00 1.293962e-20
211.00 1.393973e-20
212.00 1.461734e-20
213.00 1.496615e-20
214.00 1.50729e-20
215.00 1.517408e-20
216.00 1.528185e-20
217.00 1.539633e-20
218.00 1.551766e-20
219.00 1.564592e-20
220.00 1.578111e-20
221.00 1.592081e-20
222.00 1.606403e-20
223.00 1.62108e-20
224.00 1.636117e-20
225.00 1.651521e-20
226.00 1.667299e-20
227.00 1.683373e-20
228.00 1.699593e-20
229.00 1.715959e-20
230.00 1.732471e-20
231.00 1.749126e-20
232.00 1.765917e-20
233.00 1.782691e-20
234.00 1.798651e-20
235.00 1.813642e-20
236.00 1.82762e-20
237.00 1.840542e-20
238.00 1.852367e-20
239.00 1.863145e-20
240.00 1.874363e-20
241.00 1.88659e-20
242.00 1.89986e-20
243.00 1.914214e-20
244.00 1.929703e-20
245.00 1.94661e-20
246.00 1.986181e-20
247.00 2.062798e-20
248.00 2.177157e-20
249.00 2.329949e-20
250.00 2.521863e-20
251.00 2.753577e-20
252.00 3.026442e-20
253.00 3.341781e-20
254.00 3.700292e-20
255.00 4.102679e-20
256.00 4.549656e-20
257.00 5.041954e-20
258.00 5.571748e-20
259.00 6.130413e-20
260.00 6.718406e-20
261.00 7.336199e-20
262.00 7.984273e-20
263.00 8.663111e-20
264.00 9.337154e-20
265.00 9.971638e-20
266.00 1.056675e-19
267.00 1.113067e-19
268.00 1.167085e-19
269.00 1.21677e-19
270.00 1.260038e-19
271.00 1.296139e-19
272.00 1.325234e-19
273.00 1.347213e-19
274.00 1.362054e-19
275.00 1.370256e-19
276.00 1.375365e-19
277.00 1.378555e-19
278.00 1.379448e-19
279.00 1.377903e-19
280.00 1.373938e-19
281.00 1.383387e-19
282.00 1.387186e-19
283.00 1.384316e-19
284.00 1.374669e-19
285.00 1.35814e-19
286.00 1.334626e-19
287.00 1.301597e-19
288.00 1.251244e-19
289.00 1.182754e-19
290.00 1.095871e-19
291.00 9.903417e-20
292.00 8.65919e-20
293.00 7.28826e-20
294.00 5.863918e-20
295.00 4.385851e-20
296.00 2.853667e-20
297.00 1.266983e-20
298.00 0
299.00 0
300.00 0
301.00 0
302.00 0
303.00 0
304.00 0
305.00 0
306.00 0
307.00 0
308.00 0
309.00 0
310.00 0
311.00 0
312.00 0
313.00 0
314.00 0
315.00 0
316.00 0
317.00 0
318.00 0
319.00 0
320.00 0
321.00 0
322.00 0
323.00 0
324.00 0
325.00 0
326.00 1.292113e-20
327.00 2.873465e-20
328.00 4.303781e-20
329.00 5.581592e-20
330.00 6.705461e-20
331.00 7.673922e-20
332.00 8.392068e-20
333.00 8.773162e-20
334.00 8.814545e-20
335.00 8.513624e-20
336.00 7.867875e-20
337.00 6.955806e-20
338.00 6.129523e-20
339.00 5.431101e-20
340.00 4.86152e-20
341.00 4.421732e-20
342.00 4.112085e-20
343.00 3.906129e-20
344.00 3.789568e-20
345.00 3.762987e-20
346.00 3.826956e-20
347.00 3.982028e-20
348.00 4.218921e-20
349.00 4.515378e-20
350.00 4.870809e-20
351.00 5.285519e-20
352.00 5.759804e-20
353.00 6.280293e-20
354.00 6.7131e-20
355.00 7.023611e-20
356.00 7.211169e-20
357.00 7.275138e-20
358.00 7.214934e-20
359.00 7.080355e-20
360.00 6.91662e-20
361.00 6.723611e-20
362.00 6.50121e-20
363.00 6.249308e-20
364.00 5.995816e-20
365.00 5.828076e-20
366.00 5.75273e-20
367.00 5.770165e-20
368.00 5.880753e-20
369.00 6.067538e-20
370.00 6.119741e-20
371.00 5.9745e-20
372.00 5.631105e-20
373.00 5.088874e-20
374.00 4.347236e-20
375.00 3.578423e-20
376.00 2.940668e-20
377.00 2.434434e-20
378.00 2.060169e-20
379.00 1.818298e-20
380.00 1.742757e-20
381.00 1.928285e-20
382.00 2.381264e-20
383.00 3.102407e-20
384.00 4.092398e-20
385.00 5.320174e-20
386.00 6.496695e-20
387.00 7.552019e-20
388.00 8.485807e-20
389.00 9.297734e-20
390.00 9.988036e-20
391.00 1.061826e-19
392.00 1.123042e-19
393.00 1.182445e-19
394.00 1.24003e-19
395.00 1.29579e-19
396.00 1.339886e-19
397.00 1.352331e-19
398.00 1.332491e-19
399.00 1.280315e-19
400.00 1.195753e-19
401.00 1.085175e-19
402.00 9.856624e-20
403.00 9.031985e-20
404.00 8.378088e-20
405.00 7.895176e-20
406.00 7.580813e-20
407.00 7.35717e-20
408.00 7.188202e-20
409.00 7.073973e-20
410.00 7.014542e-20
411.00 7.009961e-20
412.00 7.047441e-20
413.00 7.109334e-20
414.00 7.195548e-20
415.00 7.306099e-20
416.00 7.441001e-20
417.00 7.593867e-20
418.00 7.739677e-20
419.00 7.875894e-20
420.00 8.002513e-20
421.00 8.119527e-20
422.00 8.229745e-20
423.00 8.375854e-20
424.00 8.572266e-20
425.00 8.818985e-20
426.00 9.116015e-20
427.00 9.463353e-20
428.00 9.762865e-20
429.00 9.913021e-20
430.00 9.913821e-20
431.00 9.765281e-20
432.00 9.46743e-20
433.00 9.037474e-20
434.00 8.531233e-20
435.00 7.953027e-20
436.00 7.30289e-20
437.00 6.580863e-20
438.00 5.802326e-20
439.00 5.169529e-20
440.00 4.745182e-20
441.00 4.529179e-20
442.00 4.5214e-20
443.00 4.721714e-20
444.00 5.045568e-20
445.00 5.401995e-20
446.00 5.790933e-20
447.00 6.212352e-20
448.00 6.666217e-20
449.00 7.183646e-20
450.00 7.885308e-20
451.00 8.783075e-20
452.00 9.87674e-20
453.00 1.116608e-19
454.00 1.264298e-19
455.00 1.411155e-19
456.00 1.548736e-19
457.00 1.677049e-19
458.00 1.796105e-19
459.00 1.905913e-19
460.00 1.993633e-19
461.00 2.035587e-19
462.00 2.031318e-19
463.00 1.98089e-19
464.00 1.884373e-19
465.00 1.74519e-19
466.00 1.593104e-19
467.00 1.435116e-19
468.00 1.271238e-19
469.00 1.101482e-19
470.00 9.258595e-20
471.00 7.679464e-20
472.00 6.549737e-20
473.00 5.868985e-20
474.00 5.636404e-20
475.00 5.851168e-20
476.00 6.44334e-20
477.00 6.980518e-20
478.00 7.387933e-20
479.00 7.665838e-20
480.00 7.814492e-20
481.00 7.834158e-20
482.00 7.847311e-20
483.00 7.981501e-20
484.00 8.236481e-20
485.00 8.611984e-20
486.00 9.10774e-20
487.00 9.717414e-20
488.00 1.039755e-19
489.00 1.11395e-19
490.00 1.194311e-19
491.00 1.280823e-19
492.00 1.373471e-19
493.00 1.450554e-19
494.00 1.479868e-19
495.00 1.461229e-19
496.00 1.394758e-19
497.00 1.280581e-19
498.00 1.122496e-19
499.00 9.8041e-20
500.00 8.752612e-20
501.00 8.069504e-20
502.00 7.753771e-20
503.00 7.804395e-20
504.00 8.119319e-20
505.00 8.359593e-20
506.00 8.498155e-20
507.00 8.5353e-20
508.00 8.471325e-20
509.00 8.306533e-20
510.00 8.12525e-20
511.00 8.018203e-20
512.00 7.985198e-20
513.00 8.026004e-20
514.00 8.140389e-20
515.00 8.328039e-20
516.00 8.587074e-20
517.00 8.91661e-20
518.00 9.316411e-20
519.00 9.786243e-20
520.00 1.032587e-19
521.00 1.092891e-19
522.00 1.155741e-19
523.00 1.220481e-19
524.00 1.287103e-19
525.00 1.355601e-19
526.00 1.425966e-19
527.00 1.494252e-19
528.00 1.548144e-19
529.00 1.586801e-19
530.00 1.610278e-19
531.00 1.618633e-19
532.00 1.611919e-19
533.00 1.597612e-19
534.00 1.590529e-19
535.00 1.591051e-19
536.00 1.59915e-19
537.00 1.614796e-19
538.00 1.637959e-19
539.00 1.668614e-19
540.00 1.706736e-19
541.00 1.752296e-19
542.00 1.805263e-19
543.00 1.865605e-19
544.00 1.933292e-19
545.00 2.00555e-19
546.00 2.078431e-19
547.00 2.151898e-19
548.00 2.225949e-19
549.00 2.30058e-19
550.00 2.375786e-19
551.00 2.440165e-19
552.00 2.474623e-19
553.00 2.478988e-19
554.00 2.453393e-19
555.00 2.397974e-19
556.00 2.312868e-19
557.00 2.204357e-19
558.00 2.087632e-19
559.00 1.963424e-19
560.00 1.83177e-19
561.00 1.692709e-19
562.00 1.546276e-19
563.00 1.396822e-19
564.00 1.264298e-19
565.00 1.151125e-19
566.00 1.057209e-19
567.00 9.82459e-20
568.00 9.2678e-20
569.00 8.904037e-20
570.00 8.780135e-20
571.00 8.910699e-20
572.00 9.29443e-20
573.00 9.930022e-20
574.00 1.081616e-19
575.00 1.195152e-19
576.00 1.31717e-19
577.00 1.429814e-19
578.00 1.533121e-19
579.00 1.627141e-19
580.00 1.71192e-19
581.00 1.787508e-19
582.00 1.852208e-19
583.00 1.897765e-19
584.00 1.923202e-19
585.00 1.92863e-19
586.00 1.91416e-19
587.00 1.879906e-19
588.00 1.825999e-19
589.00 1.760499e-19
590.00 1.68996e-19
591.00 1.614413e-19
592.00 1.533888e-19
593.00 1.448418e-19
594.00 1.358032e-19
595.00 1.264532e-19
596.00 1.180926e-19
597.00 1.10977e-19
598.00 1.050989e-19
599.00 1.004511e-19
600.00 9.702602e-20
601.00 9.481636e-20
602.00 9.355168e-20
603.00 9.258491e-20
604.00 9.188517e-20
605.00 9.145077e-20
606.00 9.128005e-20
607.00 9.137134e-20
608.00 9.172294e-20
609.00 9.225683e-20
610.00 9.287702e-20
611.00 9.358265e-20
612.00 9.437314e-20
613.00 9.524791e-20
614.00 9.620638e-20
615.00 9.724794e-20
616.00 9.833773e-20
617.00 9.944425e-20
618.00 1.005673e-19
619.00 1.017069e-19
620.00 1.028627e-19
621.00 1.040347e-19
622.00 1.052227e-19
623.00 1.061063e-19
624.00 1.063486e-19
625.00 1.059541e-19
626.00 1.049271e-19
627.00 1.032723e-19
628.00 1.00994e-19
629.00 9.809699e-20
630.00 9.536643e-20
631.00 9.430776e-20
632.00 9.494691e-20
633.00 9.727147e-20
634.00 1.01269e-19
635.00 1.069271e-19
636.00 1.142332e-19
637.00 1.229135e-19
638.00 1.314964e-19
639.00 1.397557e-19
640.00 1.476936e-19
641.00 1.553124e-19
642.00 1.626142e-19
643.00 1.696013e-19
644.00 1.762739e-19
645.00 1.821726e-19
646.00 1.869528e-19
647.00 1.906231e-19
648.00 1.93192e-19
649.00 1.946683e-19
650.00 1.950603e-19
651.00 1.943767e-19
652.00 1.926262e-19
653.00 1.898177e-19
654.00 1.8596e-19
655.00 1.810615e-19
656.00 1.751309e-19
657.00 1.681766e-19
658.00 1.602073e-19
659.00 1.512314e-19
660.00 1.415879e-19
661.00 1.322142e-19
662.00 1.231644e-19
663.00 1.144361e-19
664.00 1.060269e-19
665.00 9.793449e-20
666.00 9.015631e-20
667.00 8.268998e-20
668.00 7.56681e-20
669.00 6.939751e-20
670.00 6.388435e-20
671.00 5.912233e-20
672.00 5.510515e-20
673.00 5.182654e-20
674.00 4.928024e-20
675.00 4.746e-20
676.00 4.636894e-20
677.00 4.603418e-20
678.00 4.645213e-20
679.00 4.761622e-20
680.00 4.951987e-20
681.00 5.215655e-20
682.00 5.551975e-20
683.00 5.960298e-20
684.00 6.432748e-20
685.00 6.860479e-20
686.00 7.207659e-20
687.00 7.474999e-20
688.00 7.663207e-20
689.00 7.77299e-20
690.00 7.80505e-20
691.00 7.760088e-20
692.00 7.6388e-20
693.00 7.471346e-20
694.00 7.327499e-20
695.00 7.209962e-20
696.00 7.1185e-20
697.00 7.052878e-20
698.00 7.012862e-20
699.00 6.998221e-20
700.00 7.008724e-20
701.00 7.044131e-20
702.00 7.110094e-20
703.00 7.212724e-20
704.00 7.351685e-20
705.00 7.526634e-20
706.00 7.737235e-20
707.00 7.983149e-20
708.00 8.264041e-20
709.00 8.579577e-20
710.00 8.929423e-20
711.00 9.288353e-20
712.00 9.625448e-20
713.00 9.940818e-20
714.00 1.023466e-19
715.00 1.050717e-19
716.00 1.075854e-19
717.00 1.098897e-19
718.00 1.119866e-19
719.00 1.138778e-19
720.00 1.155417e-19
721.00 1.168947e-19
722.00 1.179319e-19
723.00 1.186565e-19
724.00 1.190715e-19
725.00 1.191797e-19
726.00 1.189842e-19
727.00 1.184879e-19
728.00 1.176939e-19
729.00 1.166053e-19
730.00 1.156106e-19
731.00 1.150485e-19
732.00 1.149148e-19
733.00 1.152052e-19
734.00 1.159155e-19
735.00 1.170417e-19
736.00 1.185795e-19
737.00 1.205248e-19
738.00 1.228735e-19
739.00 1.256151e-19
740.00 1.280468e-19
741.00 1.297015e-19
742.00 1.305872e-19
743.00 1.307114e-19
744.00 1.300817e-19
745.00 1.287059e-19
746.00 1.265915e-19
747.00 1.237461e-19
748.00 1.20177e-19
749.00 1.158919e-19
750.00 1.112949e-19
751.00 1.071356e-19
752.00 1.034274e-19
753.00 1.001656e-19
754.00 9.73458e-20
755.00 9.496352e-20
756.00 9.301431e-20
757.00 9.149379e-20
758.00 9.039757e-20
759.00 8.97213e-20
760.00 8.945633e-20
761.00 8.93909e-20
762.00 8.940866e-20
763.00 8.950876e-20
764.00 8.969033e-20
765.00 8.995251e-20
766.00 9.029446e-20
767.00 9.071533e-20
768.00 9.121426e-20
769.00 9.179044e-20
770.00 9.244302e-20
771.00 9.316962e-20
772.00 9.364876e-20
773.00 9.364246e-20
774.00 9.315586e-20
775.00 9.219407e-20
776.00 9.07622e-20
777.00 8.886529e-20
778.00 8.650836e-20
779.00 8.369642e-20
780.00 8.043442e-20
781.00 7.672729e-20
782.00 7.257993e-20
783.00 6.808341e-20
784.00 6.37187e-20
785.00 5.955768e-20
786.00 5.559826e-20
787.00 5.18384e-20
788.00 4.827603e-20
789.00 4.490914e-20
790.00 4.17357e-20
791.00 3.875369e-20
792.00 3.596113e-20
793.00 3.335603e-20
794.00 3.093642e-20
795.00 2.86604e-20
796.00 2.622839e-20
797.00 2.358131e-20
798.00 2.072163e-20
799.00 1.765178e-20
800.00 1.437417e-20
801.00 1.089121e-20
802.00 7.205276e-21
803.00 3.31874e-21
804.00 0
805.00 0
806.00 0
807.00 0
808.00 0
809.00 0
810.00 0
811.00 0
812.00 0
813.00 0
814.00 0
815.00 0
816.00 0
817.00 0
818.00 0
819.00 0
820.00 0
821.00 0
822.00 0
823.00 0
824.00 0
825.00 0
826.00 2.310779e-21
827.00 5.389255e-21
828.00 8.292419e-21
829.00 1.102219e-20
830.00 1.358045e-20
831.00 1.596911e-20
832.00 1.819003e-20
833.00 2.024507e-20
834.00 2.213607e-20
835.00 2.392117e-20
836.00 2.597893e-20
837.00 2.83761e-20
838.00 3.110865e-20
839.00 3.41726e-20
840.00 3.756401e-20
841.00 4.127894e-20
842.00 4.53135e-20
843.00 4.966382e-20
844.00 5.432608e-20
845.00 5.929647e-20
846.00 6.457122e-20
847.00 7.014658e-20
848.00 7.601883e-20
850.00 9.112338e-20
851.00 9.453451e-20
852.00 9.752663e-20
853.00 1.000991e-19
854.00 1.022857e-19
855.00 1.041508e-19
856.00 1.057788e-19
857.00 1.0726e-19
858.00 1.086754e-19
859.00 1.100856e-19
860.00 1.115255e-19
861.00 1.130062e-19
862.00 1.145204e-19
863.00 1.160506e-19
864.00 1.175754e-19
865.00 1.190731e-19
866.00 1.205228e-19
867.00 1.219031e-19
868.00 1.23191e-19
869.00 1.243614e-19
870.00 1.253888e-19
871.00 1.262523e-19
872.00 1.269375e-19
873.00 1.274369e-19
874.00 1.277493e-19
875.00 1.278767e-19
876.00 1.278201e-19
877.00 1.275764e-19
878.00 1.271366e-19
879.00 1.264877e-19
880.00 1.256165e-19
881.00 1.245135e-19
882.00 1.231771e-19
883.00 1.216144e-19
884.00 1.198413e-19
885.00 1.17879e-19
886.00 1.157515e-19
887.00 1.134825e-19
888.00 1.110943e-19
889.00 1.086085e-19
890.00 1.060479e-19
891.00 1.034391e-19
892.00 1.009135e-19
893.00 9.843544e-20
894.00 9.601948e-20
895.00 9.370934e-20
896.00 9.154837e-20
897.00 8.957582e-20
898.00 8.782158e-20
899.00 8.629999e-20
900.00 8.500582e-20
901.00 8.391608e-20
902.00 8.299824e-20
903.00 8.222093e-20
904.00 8.156113e-20
905.00 8.100507e-20
906.00 8.054451e-20
907.00 8.017237e-20
908.00 7.988049e-20
909.00 7.965966e-20
910.00 7.950073e-20
911.00 7.939598e-20
912.00 7.933996e-20
913.00 7.932965e-20
914.00 7.936346e-20
915.00 7.943933e-20
916.00 7.955209e-20
917.00 7.969181e-20
918.00 7.984391e-20
919.00 7.999157e-20
920.00 8.011952e-20
921.00 8.021774e-20
922.00 8.028347e-20
923.00 8.032099e-20
924.00 8.033939e-20
925.00 8.034937e-20
926.00 8.036022e-20
927.00 8.03779e-20
928.00 8.040498e-20
929.00 8.044209e-20
930.00 8.04898e-20
931.00 8.054971e-20
932.00 8.06239e-20
933.00 8.071374e-20
934.00 8.081881e-20
935.00 8.093698e-20
936.00 8.106509e-20
937.00 8.119965e-20
938.00 8.133722e-20
939.00 8.147445e-20
940.00 8.16078e-20
941.00 8.173337e-20
942.00 8.184685e-20
943.00 8.194351e-20
944.00 8.201826e-20
945.00 8.206587e-20
946.00 8.208111e-20
947.00 8.205899e-20
948.00 8.199504e-20
949.00 8.188553e-20
950.00 8.172772e-20
951.00 8.152016e-20
952.00 8.126286e-20
953.00 8.095744e-20
954.00 8.060734e-20
955.00 8.021782e-20
956.00 7.979602e-20
957.00 7.935088e-20
958.00 7.88931e-20
959.00 7.843488e-20
960.00 7.798974e-20
961.00 7.75723e-20
962.00 7.719785e-20
963.00 7.688206e-20
964.00 7.664061e-20
965.00 7.648876e-20
966.00 7.644099e-20
967.00 7.651058e-20
968.00 7.670931e-20
969.00 7.704707e-20
970.00 7.753165e-20
971.00 7.816848e-20
972.00 7.896049e-20
973.00 7.990799e-20
974.00 8.100868e-20
975.00 8.225763e-20
976.00 8.364742e-20
977.00 8.516829e-20
978.00 8.680832e-20
979.00 8.855369e-20
980.00 9.038894e-20
981.00 9.229727e-20
982.00 9.426088e-20
983.00 9.626121e-20
984.00 9.827926e-20
985.00 1.002959e-19
986.00 1.022921e-19
987.00 1.042491e-19
988.00 1.061486e-19
989.00 1.079733e-19
990.00 1.097063e-19
991.00 1.113318e-19
992.00 1.128352e-19
993.00 1.142026e-19
994.00 1.154216e-19
995.00 1.164812e-19
996.00 1.173715e-19
997.00 1.180844e-19
998.00 1.186133e-19
999.00 1.189536e-19
1000.00 1.191026e-19
1001.00 1.190597e-19
1002.00 1.188268e-19
1003.00 1.184079e-19
1004.00 1.178095e-19
1005.00 1.170406e-19
1006.00 1.161124e-19
1007.00 1.150387e-19
1008.00 1.138349e-19
1009.00 1.125185e-19
1010.00 1.111088e-19
1011.00 1.096258e-19
1012.00 1.08091e-19
1013.00 1.06526e-19
1014.00 1.049529e-19
1015.00 1.033933e-19
1016.00 1.018685e-19
1017.00 1.003988e-19
1018.00 9.900295e-20
1019.00 9.769835e-20
1020.00 9.650026e-20
1021.00 9.542161e-20
1022.00 9.447274e-20
1023.00 9.366114e-20
1024.00 9.299124e-20
1025.00 9.246424e-20
1026.00 9.207814e-20
1027.00 9.182763e-20
1028.00 9.170433e-20
1029.00 9.16969e-20
1030.00 9.179143e-20
1031.00 9.197177e-20
1032.00 9.222002e-20
1033.00 9.251705e-20
1034.00 9.284306e-20
1035.00 9.317816e-20
1036.00 9.350288e-20
1037.00 9.379876e-20
1038.00 9.404869e-20
1039.00 9.423741e-20
1040.00 9.435173e-20
1041.00 9.438076e-20
1042.00 9.431601e-20
1043.00 9.415148e-20
1044.00 9.388355e-20
1045.00 9.351093e-20
1046.00 9.303448e-20
1047.00 9.245708e-20
1048.00 9.178335e-20
1049.00 9.101947e-20
1050.00 9.017298e-20
1051.00 8.925252e-20
1052.00 8.826762e-20
1053.00 8.722848e-20
1054.00 8.614577e-20
1055.00 8.503043e-20
1056.00 8.389346e-20
1057.00 8.27457e-20
1058.00 8.159773e-20
1059.00 8.045957e-20
1060.00 7.934059e-20
1061.00 7.824936e-20
1062.00 7.719344e-20
1063.00 7.617936e-20
1064.00 7.521243e-20
1065.00 7.429674e-20
1066.00 7.343511e-20
1067.00 7.262906e-20
1068.00 7.187885e-20
1069.00 7.118357e-20
1070.00 7.054117e-20
1071.00 6.994859e-20
1072.00 6.94019e-20
1073.00 6.889643e-20
1074.00 6.842697e-20
1075.00 6.798789e-20
1076.00 6.757333e-20
1077.00 6.717734e-20
1078.00 6.679408e-20
1079.00 6.641791e-20
1080.00 6.604353e-20
1081.00 6.566609e-20
1082.00 6.528124e-20
1083.00 6.48852e-20
1084.00 6.447481e-20
1085.00 6.404747e-20
1086.00 6.36012e-20
1087.00 6.313455e-20
1088.00 6.264657e-20
1089.00 6.213674e-20
1090.00 6.16049e-20
1091.00 6.105118e-20
1092.00 6.04759e-20
1093.00 5.987951e-20
1094.00 5.926254e-20
1095.00 5.862552e-20
1096.00 5.796892e-20
1097.00 5.729314e-20
1098.00 5.659851e-20
1099.00 5.588523e-20
1100.00 5.515344e-20
1101.00 5.440317e-20
1102.00 5.363446e-20
1103.00 5.284733e-20
1104.00 5.204185e-20
1105.00 5.121821e-20
1106.00 5.037673e-20
1107.00 4.951796e-20
1108.00 4.864268e-20
1109.00 4.775199e-20
1110.00 4.684729e-20
1111.00 4.593032e-20
1112.00 4.50032e-20
1113.00 4.406839e-20
1114.00 4.31287e-20
1115.00 4.218724e-20
1116.00 4.124743e-20
1117.00 4.03129e-20
1118.00 3.938745e-20
1119.00 3.847501e-20
1120.00 3.757956e-20
1121.00 3.6705e-20
1122.00 3.585516e-20
1123.00 3.503367e-20
1124.00 3.42439e-20
1125.00 3.348886e-20
1126.00 3.277119e-20
1127.00 3.209306e-20
1128.00 3.145614e-20
1129.00 3.086155e-20
1130.00 3.030986e-20
1131.00 2.980103e-20
1132.00 2.933449e-20
1133.00 2.890903e-20
1134.00 2.852294e-20
1135.00 2.817399e-20
1136.00 2.785946e-20
1137.00 2.757622e-20
1138.00 2.732079e-20
1139.00 2.70894e-20
1140.00 2.687805e-20
1141.00 2.668262e-20
1142.00 2.649891e-20
1143.00 2.632276e-20
1144.00 2.615006e-20
1145.00 2.597691e-20
1146.00 2.579962e-20
1147.00 2.561479e-20
1148.00 2.541938e-20
1149.00 2.521075e-20
1150.00 2.498667e-20
1151.00 2.474539e-20
1152.00 2.448564e-20
1153.00 2.420664e-20
1154.00 2.390806e-20
1155.00 2.359008e-20
1156.00 2.325331e-20
1157.00 2.289878e-20
1158.00 2.252791e-20
1159.00 2.214243e-20
1160.00 2.174439e-20
1161.00 2.133608e-20
1162.00 2.091994e-20
1163.00 2.049858e-20
1164.00 2.007465e-20
1165.00 1.965084e-20
1166.00 1.92298e-20
1167.00 1.881411e-20
1168.00 1.840622e-20
1169.00 1.800843e-20
1170.00 1.762285e-20
1171.00 1.725134e-20
1172.00 1.689557e-20
1173.00 1.65569e-20
1174.00 1.623644e-20
1175.00 1.593502e-20
1176.00 1.565319e-20
1177.00 1.539121e-20
1178.00 1.514909e-20
1179.00 1.492654e-20
1180.00 1.472307e-20
1181.00 1.45379e-20
1182.00 1.437008e-20
1183.00 1.421843e-20
1184.00 1.408162e-20
1185.00 1.395816e-20
1186.00 1.384644e-20
1187.00 1.374477e-20
1188.00 1.365136e-20
1189.00 1.356442e-20
1190.00 1.348214e-20
1191.00 1.340272e-20
1192.00 1.332443e-20
1193.00 1.324563e-20
1194.00 1.316477e-20
1195.00 1.308045e-20
1196.00 1.299143e-20
1197.00 1.289663e-20
1198.00 1.27952e-20
1199.00 1.268649e-20
1200.00 1.257005e-20
1201.00 1.244569e-20
1202.00 1.231341e-20
1203.00 1.217348e-20
1204.00 1.202635e-20
1205.00 1.187269e-20
1206.00 1.171336e-20
1207.00 1.154938e-20
1208.00 1.138194e-20
1209.00 1.121236e-20
1210.00 1.104206e-20
1211.00 1.087255e-20
1212.00 1.070539e-20
1213.00 1.054218e-20
1214.00 1.038452e-20
1215.00 1.023403e-20
1216.00 1.009225e-20
1217.00 9.960714e-21
1218.00 9.84085e-21
1219.00 9.734009e-21
1220.00 9.64144e-21
1221.00 9.564271e-21
1222.00 9.503498e-21
1223.00 9.45998e-21
1224.00 9.434423e-21
1225.00 9.427376e-21
1226.00 9.439223e-21
1227.00 9.470181e-21
1228.00 9.520296e-21
1229.00 9.589442e-21
1230.00 9.677321e-21
1231.00 9.783468e-21
1232.00 9.907255e-21
1233.00 1.004789e-20
1234.00 1.020446e-20
1235.00 1.037587e-20
1236.00 1.056093e-20
1237.00 1.075834e-20
1238.00 1.096669e-20
1239.00 1.118449e-20
1240.00 1.141021e-20
1241.00 1.164224e-20
1242.00 1.187897e-20
1243.00 1.211875e-20
1244.00 1.235994e-20
1245.00 1.260094e-20
1246.00 1.284016e-20
1247.00 1.307605e-20
1248.00 1.330712e-20
1249.00 1.353196e-20
1250.00 1.374922e-20
1251.00 1.395763e-20
1252.00 1.415602e-20
1253.00 1.43433e-20
1254.00 1.451851e-20
1255.00 1.468076e-20
1256.00 1.482929e-20
1257.00 1.496347e-20
1258.00 1.508277e-20
1259.00 1.518679e-20
1260.00 1.527527e-20
1261.00 1.534804e-20
1262.00 1.540512e-20
1263.00 1.54466e-20
1264.00 1.547273e-20
1265.00 1.548387e-20
1266.00 1.548051e-20
1267.00 1.546322e-20
1268.00 1.543269e-20
1269.00 1.538967e-20
1270.00 1.5335e-20
1271.00 1.526954e-20
1272.00 1.519423e-20
1273.00 1.510998e-20
1274.00 1.501772e-20
1275.00 1.491835e-20
1276.00 1.481275e-20
1277.00 1.470174e-20
1278.00 1.458605e-20
1279.00 1.446639e-20
1280.00 1.434333e-20
1281.00 1.421738e-20
1282.00 1.408895e-20
1283.00 1.395837e-20
1284.00 1.382586e-20
1285.00 1.369156e-20
1286.00 1.355554e-20
1287.00 1.34178e-20
1288.00 1.327827e-20
1289.00 1.313683e-20
1290.00 1.299335e-20
1291.00 1.284765e-20
1292.00 1.269955e-20
1293.00 1.254887e-20
1294.00 1.239546e-20
1295.00 1.223918e-20
1296.00 1.207992e-20
1297.00 1.191764e-20
1298.00 1.175233e-20
1299.00 1.158404e-20
1300.00 1.141291e-20
1301.00 1.123912e-20
1302.00 1.106294e-20
1303.00 1.08847e-20
1304.00 1.07048e-20
1305.00 1.052372e-20
1306.00 1.034197e-20
1307.00 1.016017e-20
1308.00 9.978945e-21
1309.00 9.798995e-21
1310.00 9.621051e-21
1311.00 9.445871e-21
1312.00 9.274238e-21
1313.00 9.106951e-21
1314.00 8.94481e-21
1315.00 8.788612e-21
1316.00 8.639142e-21
1317.00 8.497168e-21
1318.00 8.363427e-21
1319.00 8.238623e-21
1320.00 8.12342e-21
1321.00 8.018436e-21
1322.00 7.924236e-21
1323.00 7.841328e-21
1324.00 7.77016e-21
1325.00 7.711112e-21
1326.00 7.664494e-21
1327.00 7.630544e-21
1328.00 7.609416e-21
1329.00 7.601189e-21
1330.00 7.605849e-21
1331.00 7.623299e-21
1332.00 7.653347e-21
1333.00 7.695709e-21
1334.00 7.750008e-21
1335.00 7.815773e-21
1336.00 7.892441e-21
1337.00 7.97936e-21
1338.00 8.0758e-21
1339.00 8.180948e-21
1340.00 8.293928e-21
1341.00 8.413805e-21
1342.00 8.539598e-21
1343.00 8.670293e-21
1344.00 8.804858e-21
1345.00 8.942249e-21
1346.00 9.081435e-21
1347.00 9.221405e-21
1348.00 9.361181e-21
1349.00 9.499828e-21
1350.00 9.636471e-21
1351.00 9.770293e-21
1352.00 9.900552e-21
1353.00 1.002658e-20
1354.00 1.014778e-20
1355.00 1.026364e-20
1356.00 1.037373e-20
1357.00 1.04777e-20
1358.00 1.057525e-20
1359.00 1.066618e-20
1360.00 1.075034e-20
1361.00 1.082764e-20
1362.00 1.089807e-20
1363.00 1.096163e-20
1364.00 1.10184e-20
1365.00 1.106848e-20
1366.00 1.111203e-20
1367.00 1.114922e-20
1368.00 1.118025e-20
1369.00 1.120535e-20
1370.00 1.122475e-20
1371.00 1.123872e-20
1372.00 1.12475e-20
1373.00 1.125137e-20
1374.00 1.125058e-20
1375.00 1.124539e-20
1376.00 1.123604e-20
1377.00 1.122278e-20
1378.00 1.12058e-20
1379.00 1.118531e-20
1380.00 1.116148e-20
1381.00 1.113446e-20
1382.00 1.110438e-20
1383.00 1.107136e-20
1384.00 1.103547e-20
1385.00 1.099679e-20
1386.00 1.095537e-20
1387.00 1.091125e-20
1388.00 1.086447e-20
1389.00 1.081507e-20
1390.00 1.076307e-20
1391.00 1.070852e-20
1392.00 1.065149e-20
1393.00 1.059202e-20
1394.00 1.053023e-20
1395.00 1.046623e-20
1396.00 1.040015e-20
1397.00 1.033218e-20
1398.00 1.026251e-20
1399.00 1.019139e-20
1400.00 1.011906e-20
1401.00 1.004582e-20
1402.00 9.971995e-21
1403.00 9.897912e-21
1404.00 9.823932e-21
1405.00 9.75043e-21
1406.00 9.677787e-21
1407.00 9.606396e-21
1408.00 9.536649e-21
1409.00 9.468939e-21
1410.00 9.403652e-21
1411.00 9.341164e-21
1412.00 9.281842e-21
1413.00 9.226036e-21
1414.00 9.174078e-21
1415.00 9.126283e-21
1416.00 9.082944e-21
1417.00 9.04433e-21
1418.00 9.01069e-21
1419.00 8.982243e-21
1420.00 8.959184e-21
1421.00 8.94168e-21
1422.00 8.929867e-21
1423.00 8.92385e-21
1424.00 8.923701e-21
1425.00 8.929455e-21
1426.00 8.941112e-21
1427.00 8.958628e-21
1428.00 8.981922e-21
1429.00 9.010868e-21
1430.00 9.045295e-21
1431.00 9.084989e-21
1432.00 9.129689e-21
1433.00 9.179094e-21
1434.00 9.23286e-21
1435.00 9.290607e-21
1436.00 9.351918e-21
1437.00 9.416354e-21
1438.00 9.483451e-21
1439.00 9.552737e-21
1440.00 9.623733e-21
1441.00 9.695968e-21
1442.00 9.76899e-21
1443.00 9.842369e-21
1444.00 9.915717e-21
1445.00 9.988697e-21
1446.00 1.006103e-20
1447.00 1.013249e-20
1448.00 1.020296e-20
1449.00 1.027238e-20
1450.00 1.034078e-20
1451.00 1.040829e-20
1452.00 1.047513e-20
1453.00 1.05416e-20
1454.00 1.060811e-20
1455.00 1.067512e-20
1456.00 1.074319e-20
1457.00 1.081294e-20
1458.00 1.088503e-20
1459.00 1.096018e-20
1460.00 1.10391e-20
1461.00 1.112255e-20
1462.00 1.121125e-20
1463.00 1.130591e-20
1464.00 1.140721e-20
1465.00 1.151573e-20
1466.00 1.163204e-20
1467.00 1.175656e-20
1468.00 1.188966e-20
1469.00 1.203157e-20
1470.00 1.218242e-20
1471.00 1.234221e-20
1472.00 1.251079e-20
1473.00 1.268791e-20
1474.00 1.287318e-20
1475.00 1.306606e-20
1476.00 1.326593e-20
1477.00 1.347202e-20
1478.00 1.368347e-20
1479.00 1.389931e-20
1480.00 1.411853e-20
1481.00 1.434e-20
1482.00 1.456257e-20
1483.00 1.478504e-20
1484.00 1.50062e-20
1485.00 1.522483e-20
1486.00 1.54397e-20
1487.00 1.564964e-20
1488.00 1.58535e-20
1489.00 1.605019e-20
1490.00 1.623869e-20
1491.00 1.641806e-20
1492.00 1.658744e-20
1493.00 1.674608e-20
1494.00 1.689332e-20
1495.00 1.702863e-20
1496.00 1.715156e-20
1497.00 1.72618e-20
1498.00 1.735913e-20
1499.00 1.744345e-20
1500.00 1.751476e-20
1501.00 1.757314e-20
1502.00 1.761876e-20
1503.00 1.76519e-20
1504.00 1.767286e-20
1505.00 1.768203e-20
1506.00 1.767984e-20
1507.00 1.766676e-20
1508.00 1.764329e-20
1509.00 1.760995e-20
1510.00 1.756728e-20
1511.00 1.751581e-20
1512.00 1.74561e-20
1513.00 1.73887e-20
1514.00 1.731416e-20
1515.00 1.723304e-20
1516.00 1.714587e-20
1517.00 1.705323e-20
1518.00 1.695566e-20
1519.00 1.685374e-20
1520.00 1.674805e-20
1521.00 1.663918e-20
1522.00 1.652774e-20
1523.00 1.641437e-20
1524.00 1.629972e-20
1525.00 1.618444e-20
1526.00 1.606922e-20
1527.00 1.595475e-20
1528.00 1.584174e-20
1529.00 1.573088e-20
1530.00 1.562287e-20
1531.00 1.551839e-20
1532.00 1.541811e-20
1533.00 1.532264e-20
1534.00 1.52326e-20
1535.00 1.51485e-20
1536.00 1.507083e-20
1537.00 1.500002e-20
1538.00 1.493641e-20
1539.00 1.488026e-20
1540.00 1.483178e-20
1541.00 1.479107e-20
1542.00 1.475814e-20
1543.00 1.473296e-20
1544.00 1.471538e-20
1545.00 1.47052e-20
1546.00 1.470213e-20
1547.00 1.470583e-20
1548.00 1.471591e-20
1549.00 1.473194e-20
1550.00 1.475342e-20
1551.00 1.477987e-20
1552.00 1.481077e-20
1553.00 1.484559e-20
1554.00 1.488381e-20
1555.00 1.492492e-20
1556.00 1.496844e-20
1557.00 1.501391e-20
1558.00 1.506089e-20
1559.00 1.5109e-20
1560.00 1.515788e-20
1561.00 1.520723e-20
1562.00 1.525677e-20
1563.00 1.530628e-20
1564.00 1.535557e-20
1565.00 1.540448e-20
1566.00 1.54529e-20
1567.00 1.550073e-20
1568.00 1.554789e-20
1569.00 1.559433e-20
1570.00 1.564e-20
1571.00 1.568485e-20
1572.00 1.572884e-20
1573.00 1.577193e-20
1574.00 1.581407e-20
1575.00 1.585519e-20
1576.00 1.589523e-20
1577.00 1.593409e-20
1578.00 1.597169e-20
1579.00 1.600792e-20
1580.00 1.604269e-20
1581.00 1.607587e-20
1582.00 1.610738e-20
1583.00 1.61371e-20
1584.00 1.616495e-20
1585.00 1.619085e-20
1586.00 1.621476e-20
1587.00 1.623664e-20
1588.00 1.62565e-20
1589.00 1.627437e-20
1590.00 1.629032e-20
1591.00 1.630443e-20
1592.00 1.631684e-20
1593.00 1.632772e-20
1594.00 1.633724e-20
1595.00 1.634563e-20
1596.00 1.635312e-20
1597.00 1.635996e-20
1598.00 1.636641e-20
1599.00 1.637273e-20
1600.00 1.637917e-20
1601.00 1.638596e-20
1602.00 1.639333e-20
1603.00 1.640146e-20
1604.00 1.641052e-20
1605.00 1.642061e-20
1606.00 1.643182e-20
1607.00 1.644417e-20
1608.00 1.645763e-20
1609.00 1.647214e-20
1610.00 1.648758e-20
1611.00 1.650379e-20
1612.00 1.652056e-20
1613.00 1.653766e-20
1614.00 1.655483e-20
1615.00 1.657177e-20
1616.00 1.65882e-20
1617.00 1.660381e-20
1618.00 1.661831e-20
1619.00 1.663141e-20
1620.00 1.664287e-20
1621.00 1.665246e-20
1622.00 1.665999e-20
1623.00 1.666531e-20
1624.00 1.666834e-20
1625.00 1.666903e-20
1626.00 1.666739e-20
1627.00 1.666348e-20
1628.00 1.665741e-20
1629.00 1.664933e-20
1630.00 1.663944e-20
1631.00 1.662799e-20
1632.00 1.661522e-20
1633.00 1.660143e-20
1634.00 1.65869e-20
1635.00 1.657193e-20
1636.00 1.65568e-20
1637.00 1.654178e-20
1638.00 1.652711e-20
1639.00 1.6513e-20
1640.00 1.649961e-20
1641.00 1.648705e-20
1642.00 1.647538e-20
1643.00 1.64646e-20
1644.00 1.645463e-20
1645.00 1.644535e-20
1646.00 1.643656e-20
1647.00 1.642801e-20
1648.00 1.641936e-20
1649.00 1.641025e-20
1650.00 1.640025e-20
1651.00 1.638888e-20
1652.00 1.637565e-20
1653.00 1.636001e-20
1654.00 1.634141e-20
1655.00 1.631929e-20
1656.00 1.629311e-20
1657.00 1.62623e-20
1658.00 1.622637e-20
1659.00 1.618482e-20
1660.00 1.613722e-20
1661.00 1.608319e-20
1662.00 1.60224e-20
1663.00 1.595461e-20
1664.00 1.587963e-20
1665.00 1.579739e-20
1666.00 1.570786e-20
1667.00 1.561114e-20
1668.00 1.550739e-20
1669.00 1.539686e-20
1670.00 1.527989e-20
1671.00 1.51569e-20
1672.00 1.502839e-20
1673.00 1.489491e-20
1674.00 1.475707e-20
1675.00 1.461556e-20
1676.00 1.447108e-20
1677.00 1.432436e-20
1678.00 1.417618e-20
1679.00 1.402729e-20
1680.00 1.387846e-20
1681.00 1.373043e-20
1682.00 1.358395e-20
1683.00 1.343969e-20
1684.00 1.329831e-20
1685.00 1.316042e-20
1686.00 1.302656e-20
1687.00 1.289722e-20
1688.00 1.277283e-20
1689.00 1.265373e-20
1690.00 1.254023e-20
1691.00 1.243253e-20
1692.00 1.233081e-20
1693.00 1.223514e-20
1694.00 1.214557e-20
1695.00 1.206206e-20
1696.00 1.198454e-20
1697.00 1.191289e-20
1698.00 1.184693e-20
1699.00 1.178648e-20
1700.00 1.173129e-20
1701.00 1.168112e-20
1702.00 1.163568e-20
1703.00 1.159469e-20
1704.00 1.155785e-20
1705.00 1.152485e-20
1706.00 1.14954e-20
1707.00 1.146918e-20
1708.00 1.144591e-20
1709.00 1.142531e-20
1710.00 1.140709e-20
1711.00 1.139101e-20
1712.00 1.137683e-20
1713.00 1.136434e-20
1714.00 1.135334e-20
1715.00 1.134366e-20
1716.00 1.133516e-20
1717.00 1.132773e-20
1718.00 1.132128e-20
1719.00 1.131576e-20
1720.00 1.131114e-20
1721.00 1.130743e-20
1722.00 1.130465e-20
1723.00 1.130288e-20
1724.00 1.130221e-20
1725.00 1.130274e-20
1726.00 1.130464e-20
1727.00 1.130804e-20
1728.00 1.131313e-20
1729.00 1.132011e-20
1730.00 1.132917e-20
1731.00 1.134052e-20
1732.00 1.135435e-20
1733.00 1.137086e-20
1734.00 1.139024e-20
1735.00 1.141266e-20
1736.00 1.143826e-20
1737.00 1.146718e-20
1738.00 1.149949e-20
1739.00 1.153528e-20
1740.00 1.157455e-20
1741.00 1.161729e-20
1742.00 1.166347e-20
1743.00 1.171298e-20
1744.00 1.176569e-20
1745.00 1.182143e-20
1746.00 1.188e-20
1747.00 1.194115e-20
1748.00 1.20046e-20
1749.00 1.207006e-20
1750.00 1.213719e-20
1751.00 1.220563e-20
1752.00 1.227503e-20
1753.00 1.234501e-20
1754.00 1.241518e-20
1755.00 1.248515e-20
1756.00 1.255454e-20
1757.00 1.262297e-20
1758.00 1.269007e-20
1759.00 1.275549e-20
1760.00 1.28189e-20
1761.00 1.287996e-20
1762.00 1.293839e-20
1763.00 1.299392e-20
1764.00 1.30463e-20
1765.00 1.30953e-20
1766.00 1.314073e-20
1767.00 1.318243e-20
1768.00 1.322024e-20
1769.00 1.325405e-20
1770.00 1.328377e-20
1771.00 1.330932e-20
1772.00 1.333066e-20
1773.00 1.334776e-20
1774.00 1.336062e-20
1775.00 1.336924e-20
1776.00 1.337366e-20
1777.00 1.337393e-20
1778.00 1.33701e-20
1779.00 1.336227e-20
1780.00 1.335051e-20
1781.00 1.333494e-20
1782.00 1.331567e-20
1783.00 1.329283e-20
1784.00 1.326655e-20
1785.00 1.323698e-20
1786.00 1.320428e-20
1787.00 1.31686e-20
1788.00 1.31301e-20
1789.00 1.308895e-20
1790.00 1.304532e-20
1791.00 1.299938e-20
1792.00 1.295128e-20
1793.00 1.29012e-20
1794.00 1.284928e-20
1795.00 1.279566e-20
1796.00 1.27405e-20
1797.00 1.268391e-20
1798.00 1.262602e-20
1799.00 1.256693e-20
1800.00 1.250672e-20
