# Wavelength(nm)  Flambda(ergs/cm^s/s/nm)
30.00 0
31.00 0
32.00 0
33.00 0
34.00 0
35.00 0
36.00 0
37.00 0
38.00 0
39.00 0
40.00 0
41.00 0
42.00 0
43.00 0
44.00 0
45.00 0
46.00 0
47.00 0
48.00 0
49.00 0
50.00 0
51.00 0
52.00 0
53.00 0
54.00 0
55.00 0
56.00 0
57.00 0
58.00 0
59.00 0
60.00 0
61.00 0
62.00 0
63.00 0
64.00 0
65.00 0
66.00 0
67.00 1.457125e-59
68.00 0
69.00 6.137692e-58
70.00 0
71.00 1.951475e-56
72.00 0
73.00 5.790522e-55
74.00 0
75.00 1.786178e-53
76.00 0
77.00 5.39018e-52
78.00 0
79.00 1.641978e-50
80.00 0
81.00 4.763795e-49
82.00 0
83.00 1.353733e-47
84.00 0
85.00 3.917166e-46
86.00 0
87.00 9.795321e-45
88.00 0
89.00 2.627512e-43
90.00 0
91.00 6.834902e-42
92.00 0
93.00 1.472597e-40
94.00 0
95.00 7.13399e-40
96.00 4.482398e-23
97.00 1.05755e-22
98.00 1.657067e-22
99.00 2.246908e-22
100.00 2.827189e-22
101.00 3.398027e-22
102.00 4.097353e-22
103.00 4.949596e-22
104.00 5.984988e-22
105.00 7.237528e-22
106.00 8.744479e-22
107.00 1.054546e-21
108.00 1.268107e-21
109.00 1.519114e-21
110.00 1.811258e-21
111.00 2.147718e-21
112.00 2.530936e-21
113.00 2.962417e-21
114.00 3.442581e-21
115.00 3.97065e-21
116.00 4.544605e-21
117.00 5.161184e-21
118.00 5.815928e-21
119.00 6.503276e-21
120.00 7.216681e-21
121.00 7.948771e-21
122.00 8.691533e-21
123.00 9.436522e-21
124.00 1.017508e-20
125.00 1.08986e-20
126.00 1.159873e-20
127.00 1.22676e-20
128.00 1.289806e-20
129.00 1.348383e-20
130.00 1.401966e-20
131.00 1.450138e-20
132.00 1.492604e-20
133.00 1.529186e-20
134.00 1.559824e-20
135.00 1.584573e-20
136.00 1.60359e-20
137.00 1.61713e-20
138.00 1.625532e-20
139.00 1.629206e-20
140.00 1.628618e-20
141.00 1.624282e-20
142.00 1.61674e-20
143.00 1.60655e-20
144.00 1.594277e-20
145.00 1.580475e-20
146.00 1.565681e-20
147.00 1.5504e-20
148.00 1.535101e-20
149.00 1.52021e-20
150.00 1.5061e-20
151.00 1.493096e-20
152.00 1.481465e-20
153.00 1.471425e-20
154.00 1.463142e-20
155.00 1.456736e-20
156.00 1.452286e-20
157.00 1.449836e-20
158.00 1.449401e-20
159.00 1.450975e-20
160.00 1.454534e-20
161.00 1.460044e-20
162.00 1.467468e-20
163.00 1.476762e-20
164.00 1.487883e-20
165.00 1.500787e-20
166.00 1.515431e-20
167.00 1.531769e-20
168.00 1.549749e-20
169.00 1.569316e-20
170.00 1.590399e-20
171.00 1.612912e-20
172.00 1.636748e-20
173.00 1.661768e-20
174.00 1.687796e-20
175.00 1.714614e-20
176.00 1.741956e-20
177.00 1.769509e-20
178.00 1.796918e-20
179.00 1.823804e-20
180.00 1.849783e-20
181.00 1.874503e-20
182.00 1.897679e-20
183.00 1.919143e-20
184.00 1.938874e-20
185.00 1.957033e-20
186.00 1.97397e-20
187.00 1.990215e-20
188.00 2.006443e-20
189.00 2.023418e-20
190.00 2.041924e-20
191.00 2.062687e-20
192.00 2.086314e-20
193.00 2.11324e-20
194.00 2.143705e-20
195.00 2.177755e-20
196.00 2.215271e-20
197.00 2.256013e-20
198.00 2.29966e-20
199.00 2.345859e-20
200.00 2.394246e-20
201.00 2.167297e-20
202.00 1.393822e-20
203.00 8.285945e-22
204.00 0
205.00 0
206.00 0
207.00 0
208.00 0
209.00 0
210.00 0
211.00 0
212.00 0
213.00 0
214.00 0
215.00 0
216.00 0
217.00 0
218.00 0
219.00 0
220.00 0
221.00 0
222.00 0
223.00 0
224.00 0
225.00 0
226.00 0
227.00 0
228.00 0
229.00 0
230.00 0
231.00 0
232.00 0
233.00 0
234.00 0
235.00 0
236.00 0
237.00 0
238.00 0
239.00 0
240.00 0
241.00 0
242.00 0
243.00 0
244.00 0
245.00 0
246.00 0
247.00 0
248.00 0
249.00 0
250.00 0
251.00 0
252.00 0
253.00 0
254.00 0
255.00 0
256.00 0
257.00 0
258.00 0
259.00 0
260.00 0
261.00 0
262.00 0
263.00 0
264.00 0
265.00 0
266.00 0
267.00 0
268.00 0
269.00 0
270.00 0
271.00 0
272.00 0
273.00 0
274.00 0
275.00 0
276.00 0
277.00 0
278.00 0
279.00 0
280.00 0
281.00 0
282.00 0
283.00 0
284.00 2.03375e-20
285.00 4.068079e-20
286.00 6.082883e-20
287.00 8.090603e-20
288.00 1.012816e-19
289.00 1.219815e-19
290.00 1.430048e-19
291.00 1.643509e-19
292.00 1.860193e-19
293.00 2.072959e-19
294.00 2.273745e-19
295.00 2.462771e-19
296.00 2.640258e-19
297.00 2.806417e-19
298.00 2.961722e-19
299.00 3.110767e-19
300.00 3.255214e-19
301.00 3.395159e-19
302.00 3.530692e-19
303.00 3.661901e-19
304.00 3.776268e-19
305.00 3.832953e-19
306.00 3.829513e-19
307.00 3.766699e-19
308.00 3.645223e-19
309.00 3.465861e-19
310.00 3.25003e-19
311.00 3.013822e-19
312.00 2.757423e-19
313.00 2.481007e-19
314.00 2.184738e-19
315.00 1.872544e-19
316.00 1.565826e-19
317.00 1.267806e-19
318.00 9.783398e-20
319.00 6.97289e-20
320.00 4.245206e-20
321.00 1.956139e-20
322.00 4.728938e-21
323.00 0
324.00 0
325.00 7.831606e-21
326.00 2.388219e-20
327.00 4.324456e-20
328.00 6.524919e-20
329.00 8.987791e-20
330.00 1.171135e-19
331.00 1.469367e-19
332.00 1.749754e-19
333.00 1.973235e-19
334.00 2.140267e-19
335.00 2.251289e-19
336.00 2.306715e-19
337.00 2.312809e-19
338.00 2.295425e-19
339.00 2.257688e-19
340.00 2.199725e-19
341.00 2.12166e-19
342.00 2.024787e-19
343.00 1.964518e-19
344.00 1.970817e-19
345.00 2.043284e-19
346.00 2.181535e-19
347.00 2.385205e-19
348.00 2.632147e-19
349.00 2.871912e-19
350.00 3.102557e-19
351.00 3.324158e-19
352.00 3.536784e-19
353.00 3.740333e-19
354.00 3.933194e-19
355.00 4.115015e-19
356.00 4.285866e-19
357.00 4.445815e-19
358.00 4.594926e-19
359.00 4.72725e-19
360.00 4.837458e-19
361.00 4.925658e-19
362.00 4.991953e-19
363.00 5.03644e-19
364.00 5.055062e-19
365.00 5.035021e-19
366.00 4.97555e-19
367.00 4.8768e-19
368.00 4.738917e-19
369.00 4.562843e-19
370.00 4.358458e-19
371.00 4.128723e-19
372.00 3.873716e-19
373.00 3.593507e-19
374.00 3.288189e-19
375.00 3.004444e-19
376.00 2.784759e-19
377.00 2.628895e-19
378.00 2.536619e-19
379.00 2.507707e-19
380.00 2.556121e-19
381.00 2.72138e-19
382.00 3.005488e-19
383.00 3.408076e-19
384.00 3.928784e-19
385.00 4.552428e-19
386.00 5.143502e-19
387.00 5.669621e-19
388.00 6.13101e-19
389.00 6.527886e-19
390.00 6.860639e-19
391.00 7.149681e-19
392.00 7.408904e-19
393.00 7.638405e-19
394.00 7.838278e-19
395.00 8.008614e-19
396.00 8.127103e-19
397.00 8.148494e-19
398.00 8.071748e-19
399.00 7.897138e-19
400.00 7.624935e-19
401.00 7.275711e-19
402.00 6.967022e-19
403.00 6.717572e-19
404.00 6.527185e-19
405.00 6.395687e-19
406.00 6.321032e-19
407.00 6.248095e-19
408.00 6.151436e-19
409.00 6.031115e-19
410.00 5.887195e-19
411.00 5.719736e-19
412.00 5.568551e-19
413.00 5.488278e-19
414.00 5.47905e-19
415.00 5.540668e-19
416.00 5.672931e-19
417.00 5.852987e-19
418.00 5.992206e-19
419.00 6.081765e-19
420.00 6.121804e-19
421.00 6.112465e-19
422.00 6.058785e-19
423.00 6.035144e-19
424.00 6.066485e-19
425.00 6.152646e-19
426.00 6.293466e-19
427.00 6.488784e-19
428.00 6.678692e-19
429.00 6.801453e-19
430.00 6.857264e-19
431.00 6.846324e-19
432.00 6.768833e-19
433.00 6.627461e-19
434.00 6.430412e-19
435.00 6.178471e-19
436.00 5.871808e-19
437.00 5.510596e-19
438.00 5.103419e-19
439.00 4.761274e-19
440.00 4.518331e-19
441.00 4.374271e-19
442.00 4.328768e-19
443.00 4.381498e-19
444.00 4.499857e-19
445.00 4.648907e-19
446.00 4.828529e-19
447.00 5.038617e-19
448.00 5.279063e-19
449.00 5.564571e-19
450.00 5.952334e-19
451.00 6.447711e-19
452.00 7.050311e-19
453.00 7.759741e-19
454.00 8.571091e-19
455.00 9.372312e-19
456.00 1.011528e-18
457.00 1.08002e-18
458.00 1.142728e-18
459.00 1.199673e-18
460.00 1.245436e-18
461.00 1.270031e-18
462.00 1.273322e-18
463.00 1.255392e-18
464.00 1.216325e-18
465.00 1.157415e-18
466.00 1.089429e-18
467.00 1.014913e-18
468.00 9.338972e-19
469.00 8.464087e-19
470.00 7.524767e-19
471.00 6.671804e-19
472.00 6.078804e-19
473.00 5.744886e-19
474.00 5.668928e-19
475.00 5.849797e-19
476.00 6.247485e-19
477.00 6.618401e-19
478.00 6.920616e-19
479.00 7.154435e-19
480.00 7.320166e-19
481.00 7.41812e-19
482.00 7.500512e-19
483.00 7.621529e-19
484.00 7.780992e-19
485.00 7.978712e-19
486.00 8.214501e-19
487.00 8.491753e-19
488.00 8.83582e-19
489.00 9.251373e-19
490.00 9.738045e-19
491.00 1.029547e-18
492.00 1.092327e-18
493.00 1.146595e-18
494.00 1.169346e-18
495.00 1.160527e-18
496.00 1.120302e-18
497.00 1.048838e-18
498.00 9.484429e-19
499.00 8.540612e-19
500.00 7.778597e-19
501.00 7.197416e-19
502.00 6.796094e-19
503.00 6.57365e-19
504.00 6.487936e-19
505.00 6.400532e-19
506.00 6.300357e-19
507.00 6.187486e-19
508.00 6.061994e-19
509.00 5.923957e-19
510.00 5.803919e-19
511.00 5.734624e-19
512.00 5.715788e-19
513.00 5.747115e-19
514.00 5.828305e-19
515.00 5.958624e-19
516.00 6.128868e-19
517.00 6.335276e-19
518.00 6.577621e-19
519.00 6.855678e-19
520.00 7.169219e-19
521.00 7.518801e-19
522.00 7.909022e-19
523.00 8.340441e-19
524.00 8.812789e-19
525.00 9.325794e-19
526.00 9.879183e-19
527.00 1.042863e-18
528.00 1.083651e-18
529.00 1.109377e-18
530.00 1.120139e-18
531.00 1.116036e-18
532.00 1.097166e-18
533.00 1.073144e-18
534.00 1.062963e-18
535.00 1.067054e-18
536.00 1.085323e-18
537.00 1.117673e-18
538.00 1.164006e-18
539.00 1.219702e-18
540.00 1.277784e-18
541.00 1.338162e-18
542.00 1.400818e-18
543.00 1.465734e-18
544.00 1.532893e-18
545.00 1.596778e-18
546.00 1.64953e-18
547.00 1.691166e-18
548.00 1.721763e-18
549.00 1.7414e-18
550.00 1.750156e-18
551.00 1.750367e-18
552.00 1.745886e-18
553.00 1.736807e-18
554.00 1.723163e-18
555.00 1.704988e-18
556.00 1.682317e-18
557.00 1.653748e-18
558.00 1.615805e-18
559.00 1.568399e-18
560.00 1.511601e-18
561.00 1.445484e-18
562.00 1.370117e-18
563.00 1.288436e-18
564.00 1.213718e-18
565.00 1.147569e-18
566.00 1.089924e-18
567.00 1.04072e-18
568.00 9.998922e-19
569.00 9.674834e-19
570.00 9.449755e-19
571.00 9.328037e-19
572.00 9.308878e-19
573.00 9.391482e-19
574.00 9.575053e-19
575.00 9.858796e-19
576.00 1.019501e-18
577.00 1.053211e-18
578.00 1.087005e-18
579.00 1.120882e-18
580.00 1.15484e-18
581.00 1.188879e-18
582.00 1.221706e-18
583.00 1.247167e-18
584.00 1.264523e-18
585.00 1.273837e-18
586.00 1.275175e-18
587.00 1.268601e-18
588.00 1.254178e-18
589.00 1.231587e-18
590.00 1.200579e-18
591.00 1.161224e-18
592.00 1.113591e-18
593.00 1.057748e-18
594.00 9.937644e-19
595.00 9.23827e-19
596.00 8.635268e-19
597.00 8.159093e-19
598.00 7.808704e-19
599.00 7.583062e-19
600.00 7.481135e-19
601.00 7.501896e-19
602.00 7.601318e-19
603.00 7.673955e-19
604.00 7.715283e-19
605.00 7.725566e-19
606.00 7.705065e-19
607.00 7.654039e-19
608.00 7.572747e-19
609.00 7.490571e-19
610.00 7.443655e-19
611.00 7.431806e-19
612.00 7.454727e-19
613.00 7.512124e-19
614.00 7.603701e-19
615.00 7.729145e-19
616.00 7.845638e-19
617.00 7.914655e-19
618.00 7.936604e-19
619.00 7.911886e-19
620.00 7.840905e-19
621.00 7.724059e-19
622.00 7.561744e-19
623.00 7.396138e-19
624.00 7.271492e-19
625.00 7.187463e-19
626.00 7.1437e-19
627.00 7.139855e-19
628.00 7.175582e-19
629.00 7.250535e-19
630.00 7.373324e-19
631.00 7.56079e-19
632.00 7.8128e-19
633.00 8.12879e-19
634.00 8.508194e-19
635.00 8.950453e-19
636.00 9.455009e-19
637.00 1.00078e-18
638.00 1.053291e-18
639.00 1.101886e-18
640.00 1.146601e-18
641.00 1.187468e-18
642.00 1.224521e-18
643.00 1.257794e-18
644.00 1.28732e-18
645.00 1.313471e-18
646.00 1.336532e-18
647.00 1.35653e-18
648.00 1.373493e-18
649.00 1.387446e-18
650.00 1.398418e-18
651.00 1.406433e-18
652.00 1.411075e-18
653.00 1.409393e-18
654.00 1.400889e-18
655.00 1.385626e-18
656.00 1.363664e-18
657.00 1.335064e-18
658.00 1.299887e-18
659.00 1.258192e-18
660.00 1.211787e-18
661.00 1.165639e-18
662.00 1.120045e-18
663.00 1.074999e-18
664.00 1.030497e-18
665.00 9.86536e-19
666.00 9.431106e-19
667.00 9.00217e-19
668.00 8.588882e-19
669.00 8.214936e-19
670.00 7.880926e-19
671.00 7.586487e-19
672.00 7.331258e-19
673.00 7.114881e-19
674.00 6.936996e-19
675.00 6.797249e-19
676.00 6.689844e-19
677.00 6.595055e-19
678.00 6.511038e-19
679.00 6.43769e-19
680.00 6.374913e-19
681.00 6.322606e-19
682.00 6.280672e-19
683.00 6.24901e-19
684.00 6.226819e-19
685.00 6.203451e-19
686.00 6.175388e-19
687.00 6.142674e-19
688.00 6.105353e-19
689.00 6.063469e-19
690.00 6.017067e-19
691.00 5.96619e-19
692.00 5.910882e-19
693.00 5.850221e-19
694.00 5.781987e-19
695.00 5.70616e-19
696.00 5.622816e-19
697.00 5.532031e-19
698.00 5.433882e-19
699.00 5.328443e-19
700.00 5.21579e-19
701.00 5.096013e-19
702.00 4.985097e-19
703.00 4.900216e-19
704.00 4.841118e-19
705.00 4.807543e-19
706.00 4.799233e-19
707.00 4.815931e-19
708.00 4.857383e-19
709.00 4.923333e-19
710.00 5.013528e-19
711.00 5.112692e-19
712.00 5.202132e-19
713.00 5.28189e-19
714.00 5.352066e-19
715.00 5.412756e-19
716.00 5.464056e-19
717.00 5.506061e-19
718.00 5.538868e-19
719.00 5.562571e-19
720.00 5.580176e-19
721.00 5.602244e-19
722.00 5.629677e-19
723.00 5.662416e-19
724.00 5.700404e-19
725.00 5.743585e-19
726.00 5.791904e-19
727.00 5.845302e-19
728.00 5.903725e-19
729.00 5.967118e-19
730.00 6.035414e-19
731.00 6.10855e-19
732.00 6.186471e-19
733.00 6.269124e-19
734.00 6.356454e-19
735.00 6.448409e-19
736.00 6.544935e-19
737.00 6.64598e-19
738.00 6.751491e-19
739.00 6.861117e-19
740.00 6.942433e-19
741.00 6.973968e-19
742.00 6.956264e-19
743.00 6.889858e-19
744.00 6.775285e-19
745.00 6.613076e-19
746.00 6.40376e-19
747.00 6.14786e-19
748.00 5.845899e-19
749.00 5.498394e-19
750.00 5.147118e-19
751.00 4.869696e-19
752.00 4.667138e-19
753.00 4.538621e-19
754.00 4.483326e-19
755.00 4.50044e-19
756.00 4.589153e-19
757.00 4.748664e-19
758.00 4.978173e-19
759.00 5.276888e-19
760.00 5.642601e-19
761.00 6.005896e-19
762.00 6.329003e-19
763.00 6.612365e-19
764.00 6.85642e-19
765.00 7.061605e-19
766.00 7.228352e-19
767.00 7.357093e-19
768.00 7.448254e-19
769.00 7.50226e-19
770.00 7.519533e-19
771.00 7.500573e-19
772.00 7.462397e-19
773.00 7.417679e-19
774.00 7.366496e-19
775.00 7.308924e-19
776.00 7.245039e-19
777.00 7.174915e-19
778.00 7.098628e-19
779.00 7.016251e-19
780.00 6.927858e-19
781.00 6.833521e-19
782.00 6.733314e-19
783.00 6.626162e-19
784.00 6.50581e-19
785.00 6.371444e-19
786.00 6.223233e-19
787.00 6.061343e-19
788.00 5.885942e-19
789.00 5.697194e-19
790.00 5.495263e-19
791.00 5.280312e-19
792.00 5.052502e-19
793.00 4.811994e-19
794.00 4.558946e-19
795.00 4.29614e-19
796.00 4.043279e-19
797.00 3.804249e-19
798.00 3.578895e-19
799.00 3.367064e-19
800.00 3.168601e-19
801.00 2.983356e-19
802.00 2.811178e-19
803.00 2.651918e-19
804.00 2.505426e-19
805.00 2.371556e-19
806.00 2.250161e-19
807.00 2.141097e-19
808.00 2.041015e-19
809.00 1.94315e-19
810.00 1.847272e-19
811.00 1.753359e-19
812.00 1.661393e-19
813.00 1.571352e-19
814.00 1.483218e-19
815.00 1.39697e-19
816.00 1.312589e-19
817.00 1.230056e-19
818.00 1.149351e-19
819.00 1.070456e-19
820.00 9.933504e-20
821.00 9.204117e-20
822.00 8.659541e-20
823.00 8.321462e-20
824.00 8.187361e-20
825.00 8.254739e-20
826.00 8.521117e-20
827.00 8.984036e-20
828.00 9.641057e-20
829.00 1.048976e-19
830.00 1.152774e-19
831.00 1.275262e-19
832.00 1.416203e-19
833.00 1.575364e-19
834.00 1.752511e-19
835.00 1.945921e-19
836.00 2.145374e-19
837.00 2.34893e-19
838.00 2.556531e-19
839.00 2.768117e-19
840.00 2.98363e-19
841.00 3.203012e-19
842.00 3.426206e-19
843.00 3.653154e-19
844.00 3.883801e-19
845.00 4.11809e-19
846.00 4.355967e-19
847.00 4.597375e-19
848.00 4.842261e-19
850.00 4.862505e-19
851.00 5.090608e-19
852.00 5.301436e-19
853.00 5.492445e-19
854.00 5.662899e-19
855.00 5.813911e-19
856.00 5.948036e-19
857.00 6.068644e-19
858.00 6.179334e-19
859.00 6.283563e-19
860.00 6.384483e-19
861.00 6.484807e-19
862.00 6.586579e-19
863.00 6.690866e-19
864.00 6.797561e-19
865.00 6.905438e-19
866.00 7.012462e-19
867.00 7.116233e-19
868.00 7.214416e-19
869.00 7.305034e-19
870.00 7.386579e-19
871.00 7.458129e-19
872.00 7.519068e-19
873.00 7.56871e-19
874.00 7.606213e-19
875.00 7.630659e-19
876.00 7.641238e-19
877.00 7.637403e-19
878.00 7.618908e-19
879.00 7.585735e-19
880.00 7.537979e-19
881.00 7.475812e-19
882.00 7.399528e-19
883.00 7.309642e-19
884.00 7.206959e-19
885.00 7.092576e-19
886.00 6.967826e-19
887.00 6.83422e-19
888.00 6.693416e-19
889.00 6.547202e-19
890.00 6.397472e-19
891.00 6.246158e-19
892.00 6.106596e-19
893.00 5.972392e-19
894.00 5.841531e-19
895.00 5.714943e-19
896.00 5.593176e-19
897.00 5.476524e-19
898.00 5.365301e-19
899.00 5.260196e-19
900.00 5.162464e-19
901.00 5.073727e-19
902.00 4.995399e-19
903.00 4.928034e-19
904.00 4.87102e-19
905.00 4.822786e-19
906.00 4.781355e-19
907.00 4.744865e-19
908.00 4.711845e-19
909.00 4.681178e-19
910.00 4.6519e-19
911.00 4.622993e-19
912.00 4.593293e-19
913.00 4.561572e-19
914.00 4.526752e-19
915.00 4.488153e-19
916.00 4.445634e-19
917.00 4.399508e-19
918.00 4.350275e-19
919.00 4.298342e-19
920.00 4.243966e-19
921.00 4.187495e-19
922.00 4.129797e-19
923.00 4.072601e-19
924.00 4.01858e-19
925.00 3.971071e-19
926.00 3.933396e-19
927.00 3.907927e-19
928.00 3.895236e-19
929.00 3.893805e-19
930.00 3.900574e-19
931.00 3.912052e-19
932.00 3.925388e-19
933.00 3.938901e-19
934.00 3.951984e-19
935.00 3.964666e-19
936.00 3.977177e-19
937.00 3.98969e-19
938.00 4.002242e-19
939.00 4.014741e-19
940.00 4.027007e-19
941.00 4.038803e-19
942.00 4.049851e-19
943.00 4.059849e-19
944.00 4.068483e-19
945.00 4.075432e-19
946.00 4.080387e-19
947.00 4.083064e-19
948.00 4.083213e-19
949.00 4.080634e-19
950.00 4.075187e-19
951.00 4.066805e-19
952.00 4.055495e-19
953.00 4.041349e-19
954.00 4.02454e-19
955.00 4.005325e-19
956.00 3.984036e-19
957.00 3.961081e-19
958.00 3.936925e-19
959.00 3.912089e-19
960.00 3.88713e-19
961.00 3.862635e-19
962.00 3.839201e-19
963.00 3.817424e-19
964.00 3.797883e-19
965.00 3.781129e-19
966.00 3.767672e-19
967.00 3.757963e-19
968.00 3.752386e-19
969.00 3.751255e-19
970.00 3.754794e-19
971.00 3.763143e-19
972.00 3.776347e-19
973.00 3.794353e-19
974.00 3.817019e-19
975.00 3.844104e-19
976.00 3.875283e-19
977.00 3.910147e-19
978.00 3.948213e-19
979.00 3.988934e-19
980.00 4.031705e-19
981.00 4.075883e-19
982.00 4.120787e-19
983.00 4.165721e-19
984.00 4.20998e-19
985.00 4.252861e-19
986.00 4.293678e-19
987.00 4.331772e-19
988.00 4.366516e-19
989.00 4.39733e-19
990.00 4.423686e-19
991.00 4.445115e-19
992.00 4.461214e-19
993.00 4.47165e-19
994.00 4.476164e-19
995.00 4.474571e-19
996.00 4.466769e-19
997.00 4.452728e-19
998.00 4.4325e-19
999.00 4.406209e-19
1000.00 4.374055e-19
1001.00 4.336305e-19
1002.00 4.293287e-19
1003.00 4.245393e-19
1004.00 4.193062e-19
1005.00 4.136781e-19
1006.00 4.077073e-19
1007.00 4.014493e-19
1008.00 3.949618e-19
1009.00 3.883035e-19
1010.00 3.815341e-19
1011.00 3.747124e-19
1012.00 3.678965e-19
1013.00 3.611419e-19
1014.00 3.545014e-19
1015.00 3.480243e-19
1016.00 3.417552e-19
1017.00 3.357337e-19
1018.00 3.299941e-19
1019.00 3.245646e-19
1020.00 3.194674e-19
1021.00 3.147186e-19
1022.00 3.103284e-19
1023.00 3.063015e-19
1024.00 3.026373e-19
1025.00 2.993313e-19
1026.00 2.963753e-19
1027.00 2.937586e-19
1028.00 2.914691e-19
1029.00 2.894939e-19
1030.00 2.878204e-19
1031.00 2.864369e-19
1032.00 2.853328e-19
1033.00 2.844994e-19
1034.00 2.83929e-19
1035.00 2.836152e-19
1036.00 2.835515e-19
1037.00 2.83731e-19
1038.00 2.841449e-19
1039.00 2.847816e-19
1040.00 2.856252e-19
1041.00 2.86655e-19
1042.00 2.878443e-19
1043.00 2.8916e-19
1044.00 2.905631e-19
1045.00 2.920084e-19
1046.00 2.934461e-19
1047.00 2.948228e-19
1048.00 2.960832e-19
1049.00 2.971724e-19
1050.00 2.980377e-19
1051.00 2.98631e-19
1052.00 2.989106e-19
1053.00 2.988429e-19
1054.00 2.98404e-19
1055.00 2.9758e-19
1056.00 2.96368e-19
1057.00 2.947754e-19
1058.00 2.928196e-19
1059.00 2.905265e-19
1060.00 2.879295e-19
1061.00 2.850679e-19
1062.00 2.819849e-19
1063.00 2.787258e-19
1064.00 2.753367e-19
1065.00 2.718627e-19
1066.00 2.683464e-19
1067.00 2.648272e-19
1068.00 2.613403e-19
1069.00 2.57916e-19
1070.00 2.545793e-19
1071.00 2.5135e-19
1072.00 2.482425e-19
1073.00 2.452662e-19
1074.00 2.424257e-19
1075.00 2.39721e-19
1076.00 2.371485e-19
1077.00 2.347011e-19
1078.00 2.323689e-19
1079.00 2.301397e-19
1080.00 2.279999e-19
1081.00 2.259344e-19
1082.00 2.239276e-19
1083.00 2.219639e-19
1084.00 2.200278e-19
1085.00 2.181045e-19
1086.00 2.161801e-19
1087.00 2.142423e-19
1088.00 2.122799e-19
1089.00 2.102834e-19
1090.00 2.082452e-19
1091.00 2.061594e-19
1092.00 2.040219e-19
1093.00 2.018306e-19
1094.00 1.995848e-19
1095.00 1.972855e-19
1096.00 1.949354e-19
1097.00 1.925382e-19
1098.00 1.900989e-19
1099.00 1.876234e-19
1100.00 1.851182e-19
1101.00 1.825904e-19
1102.00 1.800473e-19
1103.00 1.774962e-19
1104.00 1.749444e-19
1105.00 1.723988e-19
1106.00 1.698658e-19
1107.00 1.673514e-19
1108.00 1.64861e-19
1109.00 1.623992e-19
1110.00 1.5997e-19
1111.00 1.575769e-19
1112.00 1.55223e-19
1113.00 1.529109e-19
1114.00 1.506428e-19
1115.00 1.484209e-19
1116.00 1.462473e-19
1117.00 1.441242e-19
1118.00 1.420539e-19
1119.00 1.400388e-19
1120.00 1.380816e-19
1121.00 1.361852e-19
1122.00 1.343525e-19
1123.00 1.325869e-19
1124.00 1.308913e-19
1125.00 1.292687e-19
1126.00 1.277221e-19
1127.00 1.262536e-19
1128.00 1.248653e-19
1129.00 1.235583e-19
1130.00 1.223331e-19
1131.00 1.211895e-19
1132.00 1.201259e-19
1133.00 1.191403e-19
1134.00 1.182292e-19
1135.00 1.173884e-19
1136.00 1.166127e-19
1137.00 1.158957e-19
1138.00 1.152306e-19
1139.00 1.146097e-19
1140.00 1.140246e-19
1141.00 1.134667e-19
1142.00 1.129268e-19
1143.00 1.123958e-19
1144.00 1.118645e-19
1145.00 1.113239e-19
1146.00 1.107651e-19
1147.00 1.101798e-19
1148.00 1.095602e-19
1149.00 1.088991e-19
1150.00 1.081902e-19
1151.00 1.074278e-19
1152.00 1.066072e-19
1153.00 1.057246e-19
1154.00 1.047772e-19
1155.00 1.037634e-19
1156.00 1.026823e-19
1157.00 1.015343e-19
1158.00 1.003208e-19
1159.00 9.904416e-20
1160.00 9.770779e-20
1161.00 9.631603e-20
1162.00 9.487411e-20
1163.00 9.338804e-20
1164.00 9.186463e-20
1165.00 9.031121e-20
1166.00 8.873571e-20
1167.00 8.714636e-20
1168.00 8.555164e-20
1169.00 8.396012e-20
1170.00 8.238031e-20
1171.00 8.082049e-20
1172.00 7.928857e-20
1173.00 7.779199e-20
1174.00 7.633751e-20
1175.00 7.493119e-20
1176.00 7.357823e-20
1177.00 7.22829e-20
1178.00 7.104855e-20
1179.00 6.987747e-20
1180.00 6.8771e-20
1181.00 6.772946e-20
1182.00 6.675222e-20
1183.00 6.583776e-20
1184.00 6.498375e-20
1185.00 6.418707e-20
1186.00 6.344401e-20
1187.00 6.27503e-20
1188.00 6.210121e-20
1189.00 6.149173e-20
1190.00 6.091659e-20
1191.00 6.037044e-20
1192.00 5.984789e-20
1193.00 5.934366e-20
1194.00 5.885259e-20
1195.00 5.83698e-20
1196.00 5.789072e-20
1197.00 5.741112e-20
1198.00 5.692721e-20
1199.00 5.643568e-20
1200.00 5.593371e-20
1201.00 5.541898e-20
1202.00 5.488976e-20
1203.00 5.434483e-20
1204.00 5.378358e-20
1205.00 5.32059e-20
1206.00 5.261225e-20
1207.00 5.200361e-20
1208.00 5.138146e-20
1209.00 5.074775e-20
1210.00 5.010483e-20
1211.00 4.945548e-20
1212.00 4.88028e-20
1213.00 4.815018e-20
1214.00 4.750127e-20
1215.00 4.685988e-20
1216.00 4.622999e-20
1217.00 4.561562e-20
1218.00 4.502083e-20
1219.00 4.444964e-20
1220.00 4.390598e-20
1221.00 4.339364e-20
1222.00 4.291621e-20
1223.00 4.247703e-20
1224.00 4.207915e-20
1225.00 4.172529e-20
1226.00 4.141779e-20
1227.00 4.115856e-20
1228.00 4.094908e-20
1229.00 4.079035e-20
1230.00 4.068288e-20
1231.00 4.062668e-20
1232.00 4.062127e-20
1233.00 4.066565e-20
1234.00 4.075836e-20
1235.00 4.089746e-20
1236.00 4.108061e-20
1237.00 4.130507e-20
1238.00 4.156777e-20
1239.00 4.186538e-20
1240.00 4.219435e-20
1241.00 4.255095e-20
1242.00 4.29314e-20
1243.00 4.333187e-20
1244.00 4.374854e-20
1245.00 4.41777e-20
1246.00 4.461575e-20
1247.00 4.505926e-20
1248.00 4.5505e-20
1249.00 4.594994e-20
1250.00 4.639132e-20
1251.00 4.682658e-20
1252.00 4.725344e-20
1253.00 4.766983e-20
1254.00 4.807393e-20
1255.00 4.846412e-20
1256.00 4.883901e-20
1257.00 4.919735e-20
1258.00 4.953811e-20
1259.00 4.98604e-20
1260.00 5.016346e-20
1261.00 5.04467e-20
1262.00 5.070962e-20
1263.00 5.095186e-20
1264.00 5.117317e-20
1265.00 5.13734e-20
1266.00 5.15525e-20
1267.00 5.171052e-20
1268.00 5.184762e-20
1269.00 5.196402e-20
1270.00 5.206007e-20
1271.00 5.213615e-20
1272.00 5.219274e-20
1273.00 5.223038e-20
1274.00 5.224966e-20
1275.00 5.225121e-20
1276.00 5.223571e-20
1277.00 5.220384e-20
1278.00 5.215628e-20
1279.00 5.209372e-20
1280.00 5.201682e-20
1281.00 5.192622e-20
1282.00 5.182249e-20
1283.00 5.170617e-20
1284.00 5.157774e-20
1285.00 5.14376e-20
1286.00 5.128608e-20
1287.00 5.112348e-20
1288.00 5.094998e-20
1289.00 5.076576e-20
1290.00 5.057091e-20
1291.00 5.036551e-20
1292.00 5.01496e-20
1293.00 4.992323e-20
1294.00 4.968645e-20
1295.00 4.943933e-20
1296.00 4.918198e-20
1297.00 4.891457e-20
1298.00 4.863734e-20
1299.00 4.835057e-20
1300.00 4.805466e-20
1301.00 4.775008e-20
1302.00 4.743737e-20
1303.00 4.711719e-20
1304.00 4.679025e-20
1305.00 4.645734e-20
1306.00 4.611932e-20
1307.00 4.577711e-20
1308.00 4.543166e-20
1309.00 4.508398e-20
1310.00 4.473507e-20
1311.00 4.438597e-20
1312.00 4.403771e-20
1313.00 4.369131e-20
1314.00 4.334777e-20
1315.00 4.300807e-20
1316.00 4.267315e-20
1317.00 4.23439e-20
1318.00 4.202116e-20
1319.00 4.170573e-20
1320.00 4.139832e-20
1321.00 4.109958e-20
1322.00 4.081007e-20
1323.00 4.053029e-20
1324.00 4.026063e-20
1325.00 4.000139e-20
1326.00 3.975278e-20
1327.00 3.951489e-20
1328.00 3.928774e-20
1329.00 3.907123e-20
1330.00 3.886515e-20
1331.00 3.866923e-20
1332.00 3.848308e-20
1333.00 3.830624e-20
1334.00 3.813817e-20
1335.00 3.797827e-20
1336.00 3.782588e-20
1337.00 3.768031e-20
1338.00 3.754083e-20
1339.00 3.74067e-20
1340.00 3.727716e-20
1341.00 3.715149e-20
1342.00 3.702896e-20
1343.00 3.690889e-20
1344.00 3.679063e-20
1345.00 3.667361e-20
1346.00 3.655728e-20
1347.00 3.644117e-20
1348.00 3.632488e-20
1349.00 3.62081e-20
1350.00 3.609054e-20
1351.00 3.597203e-20
1352.00 3.585245e-20
1353.00 3.573173e-20
1354.00 3.560987e-20
1355.00 3.548694e-20
1356.00 3.536303e-20
1357.00 3.523827e-20
1358.00 3.511285e-20
1359.00 3.498696e-20
1360.00 3.486083e-20
1361.00 3.473468e-20
1362.00 3.460877e-20
1363.00 3.448334e-20
1364.00 3.435863e-20
1365.00 3.423489e-20
1366.00 3.411235e-20
1367.00 3.399122e-20
1368.00 3.387171e-20
1369.00 3.3754e-20
1370.00 3.363824e-20
1371.00 3.352458e-20
1372.00 3.341309e-20
1373.00 3.330386e-20
1374.00 3.31969e-20
1375.00 3.30922e-20
1376.00 3.298968e-20
1377.00 3.288923e-20
1378.00 3.279068e-20
1379.00 3.269382e-20
1380.00 3.259836e-20
1381.00 3.250399e-20
1382.00 3.241031e-20
1383.00 3.231693e-20
1384.00 3.222336e-20
1385.00 3.212914e-20
1386.00 3.203374e-20
1387.00 3.193665e-20
1388.00 3.183734e-20
1389.00 3.173531e-20
1390.00 3.163008e-20
1391.00 3.152122e-20
1392.00 3.140833e-20
1393.00 3.12911e-20
1394.00 3.116927e-20
1395.00 3.104267e-20
1396.00 3.091124e-20
1397.00 3.077499e-20
1398.00 3.063403e-20
1399.00 3.048856e-20
1400.00 3.033888e-20
1401.00 3.018538e-20
1402.00 3.002851e-20
1403.00 2.986881e-20
1404.00 2.970686e-20
1405.00 2.95433e-20
1406.00 2.937881e-20
1407.00 2.921407e-20
1408.00 2.904981e-20
1409.00 2.888672e-20
1410.00 2.872551e-20
1411.00 2.856689e-20
1412.00 2.841152e-20
1413.00 2.826007e-20
1414.00 2.811317e-20
1415.00 2.797144e-20
1416.00 2.783548e-20
1417.00 2.770588e-20
1418.00 2.758323e-20
1419.00 2.746808e-20
1420.00 2.736102e-20
1421.00 2.726261e-20
1422.00 2.717344e-20
1423.00 2.70941e-20
1424.00 2.702516e-20
1425.00 2.696723e-20
1426.00 2.692087e-20
1427.00 2.688666e-20
1428.00 2.686514e-20
1429.00 2.685683e-20
1430.00 2.686218e-20
1431.00 2.688158e-20
1432.00 2.691538e-20
1433.00 2.696379e-20
1434.00 2.702695e-20
1435.00 2.710487e-20
1436.00 2.719746e-20
1437.00 2.730447e-20
1438.00 2.742555e-20
1439.00 2.756019e-20
1440.00 2.770776e-20
1441.00 2.786751e-20
1442.00 2.803857e-20
1443.00 2.821998e-20
1444.00 2.841069e-20
1445.00 2.860958e-20
1446.00 2.88155e-20
1447.00 2.902727e-20
1448.00 2.924373e-20
1449.00 2.946373e-20
1450.00 2.968617e-20
1451.00 2.991005e-20
1452.00 3.013444e-20
1453.00 3.035854e-20
1454.00 3.058167e-20
1455.00 3.08033e-20
1456.00 3.102305e-20
1457.00 3.124069e-20
1458.00 3.145614e-20
1459.00 3.166949e-20
1460.00 3.188096e-20
1461.00 3.20909e-20
1462.00 3.229978e-20
1463.00 3.250818e-20
1464.00 3.271674e-20
1465.00 3.292618e-20
1466.00 3.313724e-20
1467.00 3.335066e-20
1468.00 3.35672e-20
1469.00 3.378756e-20
1470.00 3.401239e-20
1471.00 3.424227e-20
1472.00 3.447768e-20
1473.00 3.4719e-20
1474.00 3.496648e-20
1475.00 3.522025e-20
1476.00 3.54803e-20
1477.00 3.574647e-20
1478.00 3.601846e-20
1479.00 3.629585e-20
1480.00 3.657806e-20
1481.00 3.686438e-20
1482.00 3.715401e-20
1483.00 3.744601e-20
1484.00 3.773935e-20
1485.00 3.803296e-20
1486.00 3.832567e-20
1487.00 3.861629e-20
1488.00 3.890362e-20
1489.00 3.918645e-20
1490.00 3.946363e-20
1491.00 3.973402e-20
1492.00 3.999659e-20
1493.00 4.025041e-20
1494.00 4.049464e-20
1495.00 4.072862e-20
1496.00 4.09518e-20
1497.00 4.116385e-20
1498.00 4.136457e-20
1499.00 4.155397e-20
1500.00 4.173224e-20
1501.00 4.189976e-20
1502.00 4.205705e-20
1503.00 4.220484e-20
1504.00 4.234395e-20
1505.00 4.247535e-20
1506.00 4.260012e-20
1507.00 4.271939e-20
1508.00 4.283434e-20
1509.00 4.294617e-20
1510.00 4.305606e-20
1511.00 4.316516e-20
1512.00 4.327455e-20
1513.00 4.338521e-20
1514.00 4.349806e-20
1515.00 4.361384e-20
1516.00 4.373322e-20
1517.00 4.385671e-20
1518.00 4.398468e-20
1519.00 4.41174e-20
1520.00 4.4255e-20
1521.00 4.439751e-20
1522.00 4.454489e-20
1523.00 4.469699e-20
1524.00 4.485363e-20
1525.00 4.501459e-20
1526.00 4.517964e-20
1527.00 4.534854e-20
1528.00 4.552105e-20
1529.00 4.569699e-20
1530.00 4.587619e-20
1531.00 4.605853e-20
1532.00 4.624393e-20
1533.00 4.643236e-20
1534.00 4.662383e-20
1535.00 4.681836e-20
1536.00 4.701602e-20
1537.00 4.721689e-20
1538.00 4.742104e-20
1539.00 4.762854e-20
1540.00 4.783943e-20
1541.00 4.805374e-20
1542.00 4.827144e-20
1543.00 4.849247e-20
1544.00 4.87167e-20
1545.00 4.894398e-20
1546.00 4.917407e-20
1547.00 4.940672e-20
1548.00 4.96416e-20
1549.00 4.987837e-20
1550.00 5.011666e-20
1551.00 5.035607e-20
1552.00 5.05962e-20
1553.00 5.083666e-20
1554.00 5.107704e-20
1555.00 5.1317e-20
1556.00 5.155618e-20
1557.00 5.179428e-20
1558.00 5.203105e-20
1559.00 5.226624e-20
1560.00 5.249967e-20
1561.00 5.273119e-20
1562.00 5.296068e-20
1563.00 5.318807e-20
1564.00 5.341328e-20
1565.00 5.363626e-20
1566.00 5.385697e-20
1567.00 5.407538e-20
1568.00 5.429142e-20
1569.00 5.450503e-20
1570.00 5.471612e-20
1571.00 5.492459e-20
1572.00 5.513029e-20
1573.00 5.533304e-20
1574.00 5.553265e-20
1575.00 5.57289e-20
1576.00 5.592153e-20
1577.00 5.611027e-20
1578.00 5.629486e-20
1579.00 5.647501e-20
1580.00 5.665045e-20
1581.00 5.682092e-20
1582.00 5.69862e-20
1583.00 5.714609e-20
1584.00 5.730044e-20
1585.00 5.744914e-20
1586.00 5.759214e-20
1587.00 5.772945e-20
1588.00 5.786114e-20
1589.00 5.798735e-20
1590.00 5.810826e-20
1591.00 5.822412e-20
1592.00 5.833521e-20
1593.00 5.844187e-20
1594.00 5.854445e-20
1595.00 5.864332e-20
1596.00 5.873884e-20
1597.00 5.883136e-20
1598.00 5.892122e-20
1599.00 5.900867e-20
1600.00 5.909394e-20
1601.00 5.917715e-20
1602.00 5.925835e-20
1603.00 5.933748e-20
1604.00 5.941437e-20
1605.00 5.948872e-20
1606.00 5.956011e-20
1607.00 5.962802e-20
1608.00 5.969177e-20
1609.00 5.975058e-20
1610.00 5.980356e-20
1611.00 5.98497e-20
1612.00 5.988794e-20
1613.00 5.991711e-20
1614.00 5.9936e-20
1615.00 5.994337e-20
1616.00 5.993794e-20
1617.00 5.991847e-20
1618.00 5.988372e-20
1619.00 5.983247e-20
1620.00 5.976361e-20
1621.00 5.967608e-20
1622.00 5.956891e-20
1623.00 5.944126e-20
1624.00 5.92924e-20
1625.00 5.912171e-20
1626.00 5.892874e-20
1627.00 5.871317e-20
1628.00 5.847481e-20
1629.00 5.821363e-20
1630.00 5.792975e-20
1631.00 5.762342e-20
1632.00 5.729502e-20
1633.00 5.694508e-20
1634.00 5.657424e-20
1635.00 5.618326e-20
1636.00 5.5773e-20
1637.00 5.534443e-20
1638.00 5.489861e-20
1639.00 5.443665e-20
1640.00 5.395978e-20
1641.00 5.346926e-20
1642.00 5.296642e-20
1643.00 5.245261e-20
1644.00 5.192924e-20
1645.00 5.139776e-20
1646.00 5.085962e-20
1647.00 5.031629e-20
1648.00 4.976926e-20
1649.00 4.922001e-20
1650.00 4.867003e-20
1651.00 4.812078e-20
1652.00 4.757372e-20
1653.00 4.70303e-20
1654.00 4.649191e-20
1655.00 4.595994e-20
1656.00 4.543574e-20
1657.00 4.49206e-20
1658.00 4.44158e-20
1659.00 4.392255e-20
1660.00 4.344201e-20
1661.00 4.29753e-20
1662.00 4.252347e-20
1663.00 4.208751e-20
1664.00 4.166835e-20
1665.00 4.126685e-20
1666.00 4.088379e-20
1667.00 4.051989e-20
1668.00 4.017577e-20
1669.00 3.985196e-20
1670.00 3.954893e-20
1671.00 3.926703e-20
1672.00 3.900653e-20
1673.00 3.876757e-20
1674.00 3.855023e-20
1675.00 3.835445e-20
1676.00 3.818008e-20
1677.00 3.802686e-20
1678.00 3.789445e-20
1679.00 3.778238e-20
1680.00 3.769011e-20
1681.00 3.7617e-20
1682.00 3.756236e-20
1683.00 3.752539e-20
1684.00 3.750528e-20
1685.00 3.750116e-20
1686.00 3.751213e-20
1687.00 3.753728e-20
1688.00 3.75757e-20
1689.00 3.762652e-20
1690.00 3.768887e-20
1691.00 3.776195e-20
1692.00 3.784501e-20
1693.00 3.793737e-20
1694.00 3.803843e-20
1695.00 3.81477e-20
1696.00 3.826475e-20
1697.00 3.838928e-20
1698.00 3.852106e-20
1699.00 3.865999e-20
1700.00 3.880605e-20
1701.00 3.89593e-20
1702.00 3.911991e-20
1703.00 3.928811e-20
1704.00 3.94642e-20
1705.00 3.964854e-20
1706.00 3.984152e-20
1707.00 4.004358e-20
1708.00 4.025518e-20
1709.00 4.047678e-20
1710.00 4.070886e-20
1711.00 4.095186e-20
1712.00 4.120623e-20
1713.00 4.147237e-20
1714.00 4.175067e-20
1715.00 4.204147e-20
1716.00 4.234505e-20
1717.00 4.266167e-20
1718.00 4.299153e-20
1719.00 4.333477e-20
1720.00 4.369149e-20
1721.00 4.406175e-20
1722.00 4.444552e-20
1723.00 4.484276e-20
1724.00 4.525335e-20
1725.00 4.567715e-20
1726.00 4.611394e-20
1727.00 4.656346e-20
1728.00 4.702542e-20
1729.00 4.749945e-20
1730.00 4.798514e-20
1731.00 4.848205e-20
1732.00 4.898966e-20
1733.00 4.950741e-20
1734.00 5.003468e-20
1735.00 5.057081e-20
1736.00 5.111505e-20
1737.00 5.166664e-20
1738.00 5.222473e-20
1739.00 5.278842e-20
1740.00 5.335677e-20
1741.00 5.392876e-20
1742.00 5.450335e-20
1743.00 5.507942e-20
1744.00 5.565582e-20
1745.00 5.623135e-20
1746.00 5.680476e-20
1747.00 5.737478e-20
1748.00 5.79401e-20
1749.00 5.849937e-20
1750.00 5.905121e-20
1751.00 5.959425e-20
1752.00 6.012707e-20
1753.00 6.064824e-20
1754.00 6.115632e-20
1755.00 6.164987e-20
1756.00 6.212743e-20
1757.00 6.258754e-20
1758.00 6.302872e-20
1759.00 6.34495e-20
1760.00 6.384839e-20
1761.00 6.422392e-20
1762.00 6.457456e-20
1763.00 6.489882e-20
1764.00 6.519515e-20
1765.00 6.546203e-20
1766.00 6.569789e-20
1767.00 6.590116e-20
1768.00 6.607026e-20
1769.00 6.62036e-20
1770.00 6.629959e-20
1771.00 6.635666e-20
1772.00 6.637324e-20
1773.00 6.634783e-20
1774.00 6.627899e-20
1775.00 6.616538e-20
1776.00 6.600577e-20
1777.00 6.579908e-20
1778.00 6.554446e-20
1779.00 6.524126e-20
1780.00 6.48891e-20
1781.00 6.448793e-20
1782.00 6.403803e-20
1783.00 6.354005e-20
1784.00 6.299505e-20
1785.00 6.240448e-20
1786.00 6.177026e-20
1787.00 6.109468e-20
1788.00 6.038048e-20
1789.00 5.963075e-20
1790.00 5.884897e-20
1791.00 5.80389e-20
1792.00 5.720454e-20
1793.00 5.635009e-20
1794.00 5.547988e-20
1795.00 5.459825e-20
1796.00 5.370953e-20
1797.00 5.281794e-20
1798.00 5.192752e-20
1799.00 5.104208e-20
1800.00 5.016513e-20
