# Wavelength(nm)  Flambda(ergs/cm^s/s/nm)
30.00 1.668651e-50
31.00 1.662356e-50
32.00 1.655808e-50
33.00 1.649003e-50
34.00 1.641937e-50
35.00 1.634606e-50
36.00 1.627004e-50
37.00 1.619129e-50
38.00 1.610976e-50
39.00 1.60254e-50
40.00 1.593817e-50
41.00 1.584802e-50
42.00 1.575491e-50
43.00 1.565879e-50
44.00 1.555961e-50
45.00 1.545733e-50
46.00 1.53519e-50
47.00 1.524327e-50
48.00 1.513138e-50
49.00 1.50162e-50
50.00 1.489766e-50
51.00 1.477572e-50
52.00 1.465033e-50
53.00 1.452142e-50
54.00 1.438896e-50
55.00 1.425287e-50
56.00 1.411312e-50
57.00 1.396964e-50
58.00 1.382238e-50
59.00 1.367128e-50
60.00 1.351629e-50
61.00 1.335733e-50
62.00 1.319437e-50
63.00 1.302732e-50
64.00 1.285615e-50
65.00 1.268077e-50
66.00 1.250114e-50
67.00 1.231718e-50
68.00 1.212884e-50
69.00 1.193605e-50
70.00 1.173874e-50
71.00 1.153685e-50
72.00 1.133031e-50
73.00 1.111905e-50
74.00 1.090304e-50
75.00 1.068193e-50
76.00 1.045716e-50
77.00 1.022e-50
78.00 1.001666e-50
79.00 9.580788e-51
80.00 1.038448e-50
81.00 4.463792e-51
82.00 3.339872e-50
83.00 0
84.00 7.87592e-49
85.00 0
86.00 2.379749e-47
87.00 0
88.00 6.081956e-46
89.00 0
90.00 1.48637e-44
91.00 0
92.00 2.906032e-43
93.00 0
94.00 4.208625e-42
95.00 0
96.00 0
97.00 0
98.00 0
99.00 0
100.00 0
101.00 0
102.00 0
103.00 0
104.00 0
105.00 0
106.00 0
107.00 0
108.00 0
109.00 0
110.00 0
111.00 0
112.00 0
113.00 0
114.00 0
115.00 0
116.00 0
117.00 0
118.00 0
119.00 0
120.00 0
121.00 0
122.00 0
123.00 0
124.00 0
125.00 0
126.00 0
127.00 0
128.00 0
129.00 0
130.00 0
131.00 0
132.00 0
133.00 0
134.00 0
135.00 0
136.00 0
137.00 0
138.00 0
139.00 0
140.00 0
141.00 0
142.00 0
143.00 0
144.00 0
145.00 0
146.00 0
147.00 0
148.00 0
149.00 0
150.00 0
151.00 0
152.00 0
153.00 0
154.00 0
155.00 0
156.00 0
157.00 0
158.00 0
159.00 0
160.00 0
161.00 0
162.00 0
163.00 0
164.00 0
165.00 0
166.00 0
167.00 0
168.00 0
169.00 0
170.00 0
171.00 0
172.00 0
173.00 0
174.00 0
175.00 0
176.00 0
177.00 0
178.00 0
179.00 0
180.00 0
181.00 0
182.00 0
183.00 0
184.00 0
185.00 0
186.00 0
187.00 0
188.00 0
189.00 0
190.00 0
191.00 0
192.00 0
193.00 0
194.00 0
195.00 0
196.00 0
197.00 0
198.00 0
199.00 0
200.00 0
201.00 0
202.00 0
203.00 0
204.00 0
205.00 1.301933e-21
206.00 2.960497e-21
207.00 4.937992e-21
208.00 6.93665e-21
209.00 8.855697e-21
210.00 1.069183e-20
211.00 1.244114e-20
212.00 1.409893e-20
213.00 1.565961e-20
214.00 1.708839e-20
215.00 1.830343e-20
216.00 1.928964e-20
217.00 2.003526e-20
218.00 2.05286e-20
219.00 2.075847e-20
220.00 2.072771e-20
221.00 2.073394e-20
222.00 2.090876e-20
223.00 2.126035e-20
224.00 2.179814e-20
225.00 2.253247e-20
226.00 2.347435e-20
227.00 2.453049e-20
228.00 2.552015e-20
229.00 2.644051e-20
230.00 2.729166e-20
231.00 2.807279e-20
232.00 2.878219e-20
233.00 2.94911e-20
234.00 3.060771e-20
235.00 3.220687e-20
236.00 3.430249e-20
237.00 3.690836e-20
238.00 4.003827e-20
239.00 4.368615e-20
240.00 4.750712e-20
241.00 5.136992e-20
242.00 5.527232e-20
243.00 5.921238e-20
244.00 6.31887e-20
245.00 6.719809e-20
246.00 7.100884e-20
247.00 7.44612e-20
248.00 7.754464e-20
249.00 8.024938e-20
250.00 8.256615e-20
251.00 8.448589e-20
252.00 8.618541e-20
253.00 8.783767e-20
254.00 8.944296e-20
255.00 9.100008e-20
256.00 9.250613e-20
257.00 9.395657e-20
258.00 9.476217e-20
259.00 9.426535e-20
260.00 9.241875e-20
261.00 8.91744e-20
262.00 8.448389e-20
263.00 7.829866e-20
264.00 7.062585e-20
265.00 6.147005e-20
266.00 5.066199e-20
267.00 3.699725e-20
268.00 1.960232e-20
269.00 1.348282e-21
270.00 0
271.00 0
272.00 0
273.00 0
274.00 0
275.00 0
276.00 0
277.00 0
278.00 0
279.00 0
280.00 0
281.00 0
282.00 0
283.00 0
284.00 0
285.00 0
286.00 0
287.00 0
288.00 6.674577e-21
289.00 2.766243e-20
290.00 4.984776e-20
291.00 7.324992e-20
292.00 9.788794e-20
293.00 1.214504e-19
294.00 1.411903e-19
295.00 1.569931e-19
296.00 1.687486e-19
297.00 1.763479e-19
298.00 1.7999e-19
299.00 1.846275e-19
300.00 1.920742e-19
301.00 2.023944e-19
302.00 2.156512e-19
303.00 2.319069e-19
304.00 2.516443e-19
305.00 2.763229e-19
306.00 3.061502e-19
307.00 3.412254e-19
308.00 3.816459e-19
309.00 4.27487e-19
310.00 4.7433e-19
311.00 5.187267e-19
312.00 5.606107e-19
313.00 5.999164e-19
314.00 6.365794e-19
315.00 6.700466e-19
316.00 6.974545e-19
317.00 7.182405e-19
318.00 7.322782e-19
319.00 7.394436e-19
320.00 7.396151e-19
321.00 7.33864e-19
322.00 7.233437e-19
323.00 7.079801e-19
324.00 6.877004e-19
325.00 6.624338e-19
326.00 6.333084e-19
327.00 6.076816e-19
328.00 5.868889e-19
329.00 5.710114e-19
330.00 5.601283e-19
331.00 5.543132e-19
332.00 5.473325e-19
333.00 5.334504e-19
334.00 5.125763e-19
335.00 4.846219e-19
336.00 4.49501e-19
337.00 4.11335e-19
338.00 3.885105e-19
339.00 3.833846e-19
340.00 3.961796e-19
341.00 4.271123e-19
342.00 4.760866e-19
343.00 5.288306e-19
344.00 5.774272e-19
345.00 6.218192e-19
346.00 6.619508e-19
347.00 6.977677e-19
348.00 7.329387e-19
349.00 7.760735e-19
350.00 8.275932e-19
351.00 8.875736e-19
352.00 9.560881e-19
353.00 1.03109e-18
354.00 1.09181e-18
355.00 1.132798e-18
356.00 1.153869e-18
357.00 1.154839e-18
358.00 1.135546e-18
359.00 1.115743e-18
360.00 1.113465e-18
361.00 1.128861e-18
362.00 1.162073e-18
363.00 1.21324e-18
364.00 1.271806e-18
365.00 1.304466e-18
366.00 1.308628e-18
367.00 1.284081e-18
368.00 1.230625e-18
369.00 1.150246e-18
370.00 1.069392e-18
371.00 9.959444e-19
372.00 9.29963e-19
373.00 8.715055e-19
374.00 8.206314e-19
375.00 7.850283e-19
376.00 7.717894e-19
377.00 7.810493e-19
378.00 8.129374e-19
379.00 8.675788e-19
380.00 9.466525e-19
381.00 1.054669e-18
382.00 1.192032e-18
383.00 1.35888e-18
384.00 1.555344e-18
385.00 1.777659e-18
386.00 1.990348e-18
387.00 2.184768e-18
388.00 2.360821e-18
389.00 2.518409e-18
390.00 2.657289e-18
391.00 2.760149e-18
392.00 2.815087e-18
393.00 2.821904e-18
394.00 2.780416e-18
395.00 2.690441e-18
396.00 2.568592e-18
397.00 2.448854e-18
398.00 2.332234e-18
399.00 2.218754e-18
400.00 2.108433e-18
401.00 2.004207e-18
402.00 1.922988e-18
403.00 1.86757e-18
404.00 1.838032e-18
405.00 1.834452e-18
406.00 1.856125e-18
407.00 1.880274e-18
408.00 1.896314e-18
409.00 1.904225e-18
410.00 1.903988e-18
411.00 1.895582e-18
412.00 1.88842e-18
413.00 1.895497e-18
414.00 1.916924e-18
415.00 1.95273e-18
416.00 2.002945e-18
417.00 2.060756e-18
418.00 2.099428e-18
419.00 2.116218e-18
420.00 2.111088e-18
421.00 2.084004e-18
422.00 2.03655e-18
423.00 1.993258e-18
424.00 1.962427e-18
425.00 1.944077e-18
426.00 1.938226e-18
427.00 1.94489e-18
428.00 1.945953e-18
429.00 1.92264e-18
430.00 1.874925e-18
431.00 1.802783e-18
432.00 1.706193e-18
433.00 1.592673e-18
434.00 1.486701e-18
435.00 1.39017e-18
436.00 1.303089e-18
437.00 1.225468e-18
438.00 1.158258e-18
439.00 1.113885e-18
440.00 1.096222e-18
441.00 1.105282e-18
442.00 1.141079e-18
443.00 1.203622e-18
444.00 1.283421e-18
445.00 1.37025e-18
446.00 1.464105e-18
447.00 1.564987e-18
448.00 1.672894e-18
449.00 1.789908e-18
450.00 1.924094e-18
451.00 2.076258e-18
452.00 2.246396e-18
453.00 2.434507e-18
454.00 2.639066e-18
455.00 2.822365e-18
456.00 2.968128e-18
457.00 3.076362e-18
458.00 3.147074e-18
459.00 3.180273e-18
460.00 3.175488e-18
461.00 3.131842e-18
462.00 3.049331e-18
463.00 2.927974e-18
464.00 2.767789e-18
465.00 2.573075e-18
466.00 2.381728e-18
467.00 2.202654e-18
468.00 2.03585e-18
469.00 1.881308e-18
470.00 1.739022e-18
471.00 1.61611e-18
472.00 1.520803e-18
473.00 1.453091e-18
474.00 1.412954e-18
475.00 1.400368e-18
476.00 1.4112e-18
477.00 1.41974e-18
478.00 1.421533e-18
479.00 1.416586e-18
480.00 1.404906e-18
481.00 1.386499e-18
482.00 1.374814e-18
483.00 1.383872e-18
484.00 1.413652e-18
485.00 1.464131e-18
486.00 1.535284e-18
487.00 1.622731e-18
488.00 1.695404e-18
489.00 1.747227e-18
490.00 1.778226e-18
491.00 1.788429e-18
492.00 1.777865e-18
493.00 1.750244e-18
494.00 1.711066e-18
495.00 1.660401e-18
496.00 1.598266e-18
497.00 1.524678e-18
498.00 1.441115e-18
499.00 1.371343e-18
500.00 1.323676e-18
501.00 1.29808e-18
502.00 1.294516e-18
503.00 1.312949e-18
504.00 1.347565e-18
505.00 1.378999e-18
506.00 1.405697e-18
507.00 1.427666e-18
508.00 1.444915e-18
509.00 1.457453e-18
510.00 1.476554e-18
511.00 1.514364e-18
512.00 1.570852e-18
513.00 1.645979e-18
514.00 1.739707e-18
515.00 1.851179e-18
516.00 1.963564e-18
517.00 2.070221e-18
518.00 2.171161e-18
519.00 2.266395e-18
520.00 2.355935e-18
521.00 2.438092e-18
522.00 2.502399e-18
523.00 2.5471e-18
524.00 2.572242e-18
525.00 2.577869e-18
526.00 2.564029e-18
527.00 2.534828e-18
528.00 2.503002e-18
529.00 2.469478e-18
530.00 2.43426e-18
531.00 2.397353e-18
532.00 2.358761e-18
533.00 2.319716e-18
534.00 2.28267e-18
535.00 2.247685e-18
536.00 2.214756e-18
537.00 2.183877e-18
538.00 2.155044e-18
539.00 2.126982e-18
540.00 2.097753e-18
541.00 2.067339e-18
542.00 2.035744e-18
543.00 2.002972e-18
544.00 1.969025e-18
545.00 1.934279e-18
546.00 1.899267e-18
547.00 1.863993e-18
548.00 1.828459e-18
549.00 1.792666e-18
550.00 1.756615e-18
551.00 1.719816e-18
552.00 1.681446e-18
553.00 1.641498e-18
554.00 1.599977e-18
555.00 1.55689e-18
556.00 1.512242e-18
557.00 1.466576e-18
558.00 1.421216e-18
559.00 1.376221e-18
560.00 1.331592e-18
561.00 1.287326e-18
562.00 1.243424e-18
563.00 1.200825e-18
564.00 1.163877e-18
565.00 1.133104e-18
566.00 1.108482e-18
567.00 1.08999e-18
568.00 1.077603e-18
569.00 1.071651e-18
570.00 1.077291e-18
571.00 1.096195e-18
572.00 1.128308e-18
573.00 1.173575e-18
574.00 1.231941e-18
575.00 1.303351e-18
576.00 1.381475e-18
577.00 1.459431e-18
578.00 1.537214e-18
579.00 1.614825e-18
580.00 1.69226e-18
581.00 1.769519e-18
582.00 1.843936e-18
583.00 1.902801e-18
584.00 1.944529e-18
585.00 1.969197e-18
586.00 1.976883e-18
587.00 1.967666e-18
588.00 1.941643e-18
589.00 1.906099e-18
590.00 1.866965e-18
591.00 1.824259e-18
592.00 1.777998e-18
593.00 1.728203e-18
594.00 1.674891e-18
595.00 1.619078e-18
596.00 1.568094e-18
597.00 1.523385e-18
598.00 1.484923e-18
599.00 1.452675e-18
600.00 1.426609e-18
601.00 1.406694e-18
602.00 1.388561e-18
603.00 1.361624e-18
604.00 1.325452e-18
605.00 1.280096e-18
606.00 1.225609e-18
607.00 1.162043e-18
608.00 1.08945e-18
609.00 1.01781e-18
610.00 9.594495e-19
611.00 9.143284e-19
612.00 8.823721e-19
613.00 8.635048e-19
614.00 8.576504e-19
615.00 8.647297e-19
616.00 8.803504e-19
617.00 9.005411e-19
618.00 9.252734e-19
619.00 9.545187e-19
620.00 9.882482e-19
621.00 1.026433e-18
622.00 1.069044e-18
623.00 1.111462e-18
624.00 1.148826e-18
625.00 1.181165e-18
626.00 1.208511e-18
627.00 1.230894e-18
628.00 1.248347e-18
629.00 1.2609e-18
630.00 1.269694e-18
631.00 1.27689e-18
632.00 1.282552e-18
633.00 1.286691e-18
634.00 1.289317e-18
635.00 1.29044e-18
636.00 1.29007e-18
637.00 1.28848e-18
638.00 1.287144e-18
639.00 1.286289e-18
640.00 1.285911e-18
641.00 1.286007e-18
642.00 1.286574e-18
643.00 1.287607e-18
644.00 1.289097e-18
645.00 1.289429e-18
646.00 1.287388e-18
647.00 1.28299e-18
648.00 1.276255e-18
649.00 1.267199e-18
650.00 1.255841e-18
651.00 1.242197e-18
652.00 1.226225e-18
653.00 1.207528e-18
654.00 1.186051e-18
655.00 1.161817e-18
656.00 1.134847e-18
657.00 1.105164e-18
658.00 1.07279e-18
659.00 1.037747e-18
660.00 1.001268e-18
661.00 9.667795e-19
662.00 9.344727e-19
663.00 9.043314e-19
664.00 8.763395e-19
665.00 8.504806e-19
666.00 8.267384e-19
667.00 8.050967e-19
668.00 7.852582e-19
669.00 7.665626e-19
670.00 7.489757e-19
671.00 7.32489e-19
672.00 7.170939e-19
673.00 7.02782e-19
674.00 6.895447e-19
675.00 6.773736e-19
676.00 6.660519e-19
677.00 6.548286e-19
678.00 6.436371e-19
679.00 6.324775e-19
680.00 6.2135e-19
681.00 6.102548e-19
682.00 5.991918e-19
683.00 5.881614e-19
684.00 5.772627e-19
685.00 5.679814e-19
686.00 5.608011e-19
687.00 5.557039e-19
688.00 5.52672e-19
689.00 5.516877e-19
690.00 5.527334e-19
691.00 5.557915e-19
692.00 5.608445e-19
693.00 5.668485e-19
694.00 5.713791e-19
695.00 5.743476e-19
696.00 5.757681e-19
697.00 5.756543e-19
698.00 5.740199e-19
699.00 5.708787e-19
700.00 5.662441e-19
701.00 5.601281e-19
702.00 5.535394e-19
703.00 5.47565e-19
704.00 5.421999e-19
705.00 5.374391e-19
706.00 5.332771e-19
707.00 5.297087e-19
708.00 5.267287e-19
709.00 5.243318e-19
710.00 5.225128e-19
711.00 5.211092e-19
712.00 5.199226e-19
713.00 5.189503e-19
714.00 5.181905e-19
715.00 5.176412e-19
716.00 5.173006e-19
717.00 5.171667e-19
718.00 5.172377e-19
719.00 5.175116e-19
720.00 5.178538e-19
721.00 5.177844e-19
722.00 5.172639e-19
723.00 5.162966e-19
724.00 5.148867e-19
725.00 5.130382e-19
726.00 5.107555e-19
727.00 5.080426e-19
728.00 5.049037e-19
729.00 5.013429e-19
730.00 4.974945e-19
731.00 4.934759e-19
732.00 4.892889e-19
733.00 4.849352e-19
734.00 4.804165e-19
735.00 4.757345e-19
736.00 4.708908e-19
737.00 4.658872e-19
738.00 4.607253e-19
739.00 4.554136e-19
740.00 4.506856e-19
741.00 4.470285e-19
742.00 4.44432e-19
743.00 4.428859e-19
744.00 4.423799e-19
745.00 4.429041e-19
746.00 4.444482e-19
747.00 4.470024e-19
748.00 4.505567e-19
749.00 4.55101e-19
750.00 4.5981e-19
751.00 4.631473e-19
752.00 4.650904e-19
753.00 4.656531e-19
754.00 4.64849e-19
755.00 4.626918e-19
756.00 4.591949e-19
757.00 4.543718e-19
758.00 4.482358e-19
759.00 4.408003e-19
760.00 4.321072e-19
761.00 4.235549e-19
762.00 4.159053e-19
763.00 4.091494e-19
764.00 4.032785e-19
765.00 3.982836e-19
766.00 3.941562e-19
767.00 3.908876e-19
768.00 3.88469e-19
769.00 3.868919e-19
770.00 3.861478e-19
771.00 3.862265e-19
772.00 3.867891e-19
773.00 3.875825e-19
774.00 3.886043e-19
775.00 3.898522e-19
776.00 3.913237e-19
777.00 3.930166e-19
778.00 3.949284e-19
779.00 3.97057e-19
780.00 3.993999e-19
781.00 4.019549e-19
782.00 4.047196e-19
783.00 4.07613e-19
784.00 4.10196e-19
785.00 4.12405e-19
786.00 4.142436e-19
787.00 4.157158e-19
788.00 4.168253e-19
789.00 4.175759e-19
790.00 4.179714e-19
791.00 4.180156e-19
792.00 4.177121e-19
793.00 4.170646e-19
794.00 4.160769e-19
795.00 4.146651e-19
796.00 4.121818e-19
797.00 4.085054e-19
798.00 4.036487e-19
799.00 3.976244e-19
800.00 3.904452e-19
801.00 3.821237e-19
802.00 3.726724e-19
803.00 3.621037e-19
804.00 3.5043e-19
805.00 3.376634e-19
806.00 3.238162e-19
807.00 3.089004e-19
808.00 2.934766e-19
809.00 2.786917e-19
810.00 2.645747e-19
811.00 2.511189e-19
812.00 2.383175e-19
813.00 2.261637e-19
814.00 2.146508e-19
815.00 2.037722e-19
816.00 1.935213e-19
817.00 1.838914e-19
818.00 1.748761e-19
819.00 1.66469e-19
820.00 1.586635e-19
821.00 1.516857e-19
822.00 1.469216e-19
823.00 1.445793e-19
824.00 1.446321e-19
825.00 1.470535e-19
826.00 1.518172e-19
827.00 1.58897e-19
828.00 1.68267e-19
829.00 1.799014e-19
830.00 1.937746e-19
831.00 2.098613e-19
832.00 2.281363e-19
833.00 2.485744e-19
834.00 2.711509e-19
835.00 2.955052e-19
836.00 3.193657e-19
837.00 3.423198e-19
838.00 3.643768e-19
839.00 3.855464e-19
840.00 4.058377e-19
841.00 4.252601e-19
842.00 4.438228e-19
843.00 4.615349e-19
844.00 4.784056e-19
845.00 4.944439e-19
846.00 5.096586e-19
847.00 5.240587e-19
848.00 5.37653e-19
850.00 5.721855e-19
851.00 5.915763e-19
852.00 6.098613e-19
853.00 6.27107e-19
854.00 6.434025e-19
855.00 6.588371e-19
856.00 6.73482e-19
857.00 6.873799e-19
858.00 7.005431e-19
859.00 7.129536e-19
860.00 7.245611e-19
861.00 7.352789e-19
862.00 7.449887e-19
863.00 7.535653e-19
864.00 7.609219e-19
865.00 7.670537e-19
866.00 7.720441e-19
867.00 7.760241e-19
868.00 7.791087e-19
869.00 7.813589e-19
870.00 7.827899e-19
871.00 7.834149e-19
872.00 7.832545e-19
873.00 7.823288e-19
874.00 7.806288e-19
875.00 7.780895e-19
876.00 7.745842e-19
877.00 7.699478e-19
878.00 7.640242e-19
879.00 7.5672e-19
880.00 7.480439e-19
881.00 7.381177e-19
882.00 7.27155e-19
883.00 7.154164e-19
884.00 7.031579e-19
885.00 6.905886e-19
886.00 6.778495e-19
887.00 6.650155e-19
888.00 6.521181e-19
889.00 6.39178e-19
890.00 6.262376e-19
891.00 6.13387e-19
892.00 6.011345e-19
893.00 5.894252e-19
894.00 5.783714e-19
895.00 5.681953e-19
896.00 5.590635e-19
897.00 5.510385e-19
898.00 5.440468e-19
899.00 5.378789e-19
900.00 5.3223e-19
901.00 5.267759e-19
902.00 5.212609e-19
903.00 5.155692e-19
904.00 5.097509e-19
905.00 5.039906e-19
906.00 4.985291e-19
907.00 4.935691e-19
908.00 4.891983e-19
909.00 4.853615e-19
910.00 4.81884e-19
911.00 4.785318e-19
912.00 4.750752e-19
913.00 4.713276e-19
914.00 4.6715e-19
915.00 4.624369e-19
916.00 4.571079e-19
917.00 4.511222e-19
918.00 4.445088e-19
919.00 4.373932e-19
920.00 4.299997e-19
921.00 4.226188e-19
922.00 4.155463e-19
923.00 4.090076e-19
924.00 4.030895e-19
925.00 3.977072e-19
926.00 3.926323e-19
927.00 3.8759e-19
928.00 3.823966e-19
929.00 3.770662e-19
930.00 3.718178e-19
931.00 3.669687e-19
932.00 3.627781e-19
933.00 3.593367e-19
934.00 3.56555e-19
935.00 3.542344e-19
936.00 3.52158e-19
937.00 3.50153e-19
938.00 3.48109e-19
939.00 3.459678e-19
940.00 3.437054e-19
941.00 3.413162e-19
942.00 3.38804e-19
943.00 3.361779e-19
944.00 3.33451e-19
945.00 3.30639e-19
946.00 3.277603e-19
947.00 3.24835e-19
948.00 3.218851e-19
949.00 3.189327e-19
950.00 3.160001e-19
951.00 3.131085e-19
952.00 3.102772e-19
953.00 3.075232e-19
954.00 3.048604e-19
955.00 3.022991e-19
956.00 2.998462e-19
957.00 2.975049e-19
958.00 2.952751e-19
959.00 2.931536e-19
960.00 2.911352e-19
961.00 2.892127e-19
962.00 2.873779e-19
963.00 2.856226e-19
964.00 2.839387e-19
965.00 2.82319e-19
966.00 2.807578e-19
967.00 2.792508e-19
968.00 2.777953e-19
969.00 2.763902e-19
970.00 2.750356e-19
971.00 2.73733e-19
972.00 2.724842e-19
973.00 2.712915e-19
974.00 2.701571e-19
975.00 2.690827e-19
976.00 2.680692e-19
977.00 2.671166e-19
978.00 2.662237e-19
979.00 2.653882e-19
980.00 2.64607e-19
981.00 2.638758e-19
982.00 2.631897e-19
983.00 2.625433e-19
984.00 2.61931e-19
985.00 2.613473e-19
986.00 2.607865e-19
987.00 2.602437e-19
988.00 2.597139e-19
989.00 2.591925e-19
990.00 2.586752e-19
991.00 2.581577e-19
992.00 2.576354e-19
993.00 2.571034e-19
994.00 2.565563e-19
995.00 2.55988e-19
996.00 2.553913e-19
997.00 2.547586e-19
998.00 2.540816e-19
999.00 2.533515e-19
1000.00 2.525597e-19
1001.00 2.516976e-19
1002.00 2.507576e-19
1003.00 2.497336e-19
1004.00 2.486208e-19
1005.00 2.474166e-19
1006.00 2.461207e-19
1007.00 2.447352e-19
1008.00 2.432649e-19
1009.00 2.417169e-19
1010.00 2.401004e-19
1011.00 2.384267e-19
1012.00 2.367088e-19
1013.00 2.349608e-19
1014.00 2.331976e-19
1015.00 2.314347e-19
1016.00 2.296877e-19
1017.00 2.279719e-19
1018.00 2.263018e-19
1019.00 2.246914e-19
1020.00 2.231532e-19
1021.00 2.216986e-19
1022.00 2.20337e-19
1023.00 2.19076e-19
1024.00 2.179212e-19
1025.00 2.168755e-19
1026.00 2.159395e-19
1027.00 2.151113e-19
1028.00 2.143863e-19
1029.00 2.137572e-19
1030.00 2.132146e-19
1031.00 2.127469e-19
1032.00 2.12341e-19
1033.00 2.119821e-19
1034.00 2.116551e-19
1035.00 2.11344e-19
1036.00 2.110334e-19
1037.00 2.107083e-19
1038.00 2.103548e-19
1039.00 2.099603e-19
1040.00 2.095137e-19
1041.00 2.090058e-19
1042.00 2.084291e-19
1043.00 2.077778e-19
1044.00 2.070479e-19
1045.00 2.062369e-19
1046.00 2.053437e-19
1047.00 2.043685e-19
1048.00 2.033122e-19
1049.00 2.021768e-19
1050.00 2.009647e-19
1051.00 1.99679e-19
1052.00 1.983228e-19
1053.00 1.968997e-19
1054.00 1.954133e-19
1055.00 1.938673e-19
1056.00 1.922656e-19
1057.00 1.906121e-19
1058.00 1.889105e-19
1059.00 1.87165e-19
1060.00 1.853795e-19
1061.00 1.835583e-19
1062.00 1.817056e-19
1063.00 1.798259e-19
1064.00 1.779237e-19
1065.00 1.760038e-19
1066.00 1.740708e-19
1067.00 1.721297e-19
1068.00 1.701853e-19
1069.00 1.682424e-19
1070.00 1.663056e-19
1071.00 1.643795e-19
1072.00 1.624683e-19
1073.00 1.605761e-19
1074.00 1.587063e-19
1075.00 1.568623e-19
1076.00 1.550468e-19
1077.00 1.532622e-19
1078.00 1.515107e-19
1079.00 1.497936e-19
1080.00 1.481125e-19
1081.00 1.464681e-19
1082.00 1.448614e-19
1083.00 1.432927e-19
1084.00 1.417627e-19
1085.00 1.402714e-19
1086.00 1.388193e-19
1087.00 1.374066e-19
1088.00 1.360333e-19
1089.00 1.346998e-19
1090.00 1.33406e-19
1091.00 1.321522e-19
1092.00 1.309381e-19
1093.00 1.297636e-19
1094.00 1.286283e-19
1095.00 1.275317e-19
1096.00 1.26473e-19
1097.00 1.25451e-19
1098.00 1.244644e-19
1099.00 1.235115e-19
1100.00 1.225907e-19
1101.00 1.216996e-19
1102.00 1.208361e-19
1103.00 1.199978e-19
1104.00 1.19182e-19
1105.00 1.183862e-19
1106.00 1.17608e-19
1107.00 1.168448e-19
1108.00 1.160943e-19
1109.00 1.153543e-19
1110.00 1.146229e-19
1111.00 1.138984e-19
1112.00 1.131794e-19
1113.00 1.124647e-19
1114.00 1.117536e-19
1115.00 1.110454e-19
1116.00 1.103398e-19
1117.00 1.096368e-19
1118.00 1.089367e-19
1119.00 1.082398e-19
1120.00 1.075466e-19
1121.00 1.06858e-19
1122.00 1.061747e-19
1123.00 1.054977e-19
1124.00 1.048278e-19
1125.00 1.041661e-19
1126.00 1.035134e-19
1127.00 1.028708e-19
1128.00 1.022389e-19
1129.00 1.016186e-19
1130.00 1.010103e-19
1131.00 1.004144e-19
1132.00 9.983111e-20
1133.00 9.926036e-20
1134.00 9.870183e-20
1135.00 9.815492e-20
1136.00 9.761876e-20
1137.00 9.709217e-20
1138.00 9.657369e-20
1139.00 9.606158e-20
1140.00 9.555383e-20
1141.00 9.504821e-20
1142.00 9.45423e-20
1143.00 9.403357e-20
1144.00 9.351938e-20
1145.00 9.29971e-20
1146.00 9.246415e-20
1147.00 9.191808e-20
1148.00 9.135662e-20
1149.00 9.077775e-20
1150.00 9.017979e-20
1151.00 8.956139e-20
1152.00 8.89216e-20
1153.00 8.825988e-20
1154.00 8.757614e-20
1155.00 8.687069e-20
1156.00 8.614426e-20
1157.00 8.539795e-20
1158.00 8.46332e-20
1159.00 8.385175e-20
1160.00 8.305556e-20
1161.00 8.224675e-20
1162.00 8.142757e-20
1163.00 8.060031e-20
1164.00 7.976722e-20
1165.00 7.893051e-20
1166.00 7.809225e-20
1167.00 7.725436e-20
1168.00 7.641857e-20
1169.00 7.558639e-20
1170.00 7.475912e-20
1171.00 7.393781e-20
1172.00 7.31233e-20
1173.00 7.231621e-20
1174.00 7.151696e-20
1175.00 7.07258e-20
1176.00 6.994283e-20
1177.00 6.9168e-20
1178.00 6.840119e-20
1179.00 6.764219e-20
1180.00 6.689072e-20
1181.00 6.614651e-20
1182.00 6.540927e-20
1183.00 6.46787e-20
1184.00 6.395457e-20
1185.00 6.323668e-20
1186.00 6.252487e-20
1187.00 6.18191e-20
1188.00 6.111936e-20
1189.00 6.042577e-20
1190.00 5.973851e-20
1191.00 5.905787e-20
1192.00 5.838422e-20
1193.00 5.771804e-20
1194.00 5.705988e-20
1195.00 5.641038e-20
1196.00 5.577022e-20
1197.00 5.514017e-20
1198.00 5.452102e-20
1199.00 5.391359e-20
1200.00 5.331872e-20
1201.00 5.273727e-20
1202.00 5.217005e-20
1203.00 5.161788e-20
1204.00 5.108154e-20
1205.00 5.056178e-20
1206.00 5.005934e-20
1207.00 4.957489e-20
1208.00 4.91091e-20
1209.00 4.866262e-20
1210.00 4.823609e-20
1211.00 4.783017e-20
1212.00 4.74455e-20
1213.00 4.708279e-20
1214.00 4.674274e-20
1215.00 4.642614e-20
1216.00 4.613379e-20
1217.00 4.586654e-20
1218.00 4.562528e-20
1219.00 4.541093e-20
1220.00 4.522441e-20
1221.00 4.506662e-20
1222.00 4.493843e-20
1223.00 4.484063e-20
1224.00 4.477391e-20
1225.00 4.473883e-20
1226.00 4.47358e-20
1227.00 4.4765e-20
1228.00 4.482645e-20
1229.00 4.491988e-20
1230.00 4.504483e-20
1231.00 4.520055e-20
1232.00 4.538608e-20
1233.00 4.56002e-20
1234.00 4.58415e-20
1235.00 4.610839e-20
1236.00 4.639911e-20
1237.00 4.671179e-20
1238.00 4.704451e-20
1239.00 4.739527e-20
1240.00 4.77621e-20
1241.00 4.814306e-20
1242.00 4.853624e-20
1243.00 4.893986e-20
1244.00 4.935219e-20
1245.00 4.977162e-20
1246.00 5.019663e-20
1247.00 5.062579e-20
1248.00 5.105774e-20
1249.00 5.149118e-20
1250.00 5.19248e-20
1251.00 5.235734e-20
1252.00 5.278747e-20
1253.00 5.321385e-20
1254.00 5.363504e-20
1255.00 5.404957e-20
1256.00 5.445584e-20
1257.00 5.485218e-20
1258.00 5.523684e-20
1259.00 5.560797e-20
1260.00 5.596371e-20
1261.00 5.630212e-20
1262.00 5.662125e-20
1263.00 5.691919e-20
1264.00 5.719405e-20
1265.00 5.744399e-20
1266.00 5.76673e-20
1267.00 5.786237e-20
1268.00 5.802776e-20
1269.00 5.816218e-20
1270.00 5.826456e-20
1271.00 5.833403e-20
1272.00 5.836997e-20
1273.00 5.8372e-20
1274.00 5.834001e-20
1275.00 5.827416e-20
1276.00 5.81749e-20
1277.00 5.804294e-20
1278.00 5.787929e-20
1279.00 5.768523e-20
1280.00 5.746229e-20
1281.00 5.721228e-20
1282.00 5.69372e-20
1283.00 5.663925e-20
1284.00 5.632082e-20
1285.00 5.598441e-20
1286.00 5.56326e-20
1287.00 5.526804e-20
1288.00 5.489334e-20
1289.00 5.451111e-20
1290.00 5.412383e-20
1291.00 5.373387e-20
1292.00 5.334343e-20
1293.00 5.29545e-20
1294.00 5.256884e-20
1295.00 5.218797e-20
1296.00 5.181316e-20
1297.00 5.14454e-20
1298.00 5.108545e-20
1299.00 5.073382e-20
1300.00 5.039079e-20
1301.00 5.005646e-20
1302.00 4.973075e-20
1303.00 4.941345e-20
1304.00 4.910425e-20
1305.00 4.880277e-20
1306.00 4.850861e-20
1307.00 4.822132e-20
1308.00 4.794052e-20
1309.00 4.766582e-20
1310.00 4.73969e-20
1311.00 4.713348e-20
1312.00 4.687535e-20
1313.00 4.662234e-20
1314.00 4.637436e-20
1315.00 4.613131e-20
1316.00 4.589318e-20
1317.00 4.565991e-20
1318.00 4.543151e-20
1319.00 4.520793e-20
1320.00 4.498916e-20
1321.00 4.477513e-20
1322.00 4.456578e-20
1323.00 4.436103e-20
1324.00 4.416077e-20
1325.00 4.396491e-20
1326.00 4.377336e-20
1327.00 4.358601e-20
1328.00 4.340282e-20
1329.00 4.322374e-20
1330.00 4.304879e-20
1331.00 4.287801e-20
1332.00 4.271149e-20
1333.00 4.254935e-20
1334.00 4.239177e-20
1335.00 4.223892e-20
1336.00 4.209103e-20
1337.00 4.194829e-20
1338.00 4.18109e-20
1339.00 4.167903e-20
1340.00 4.15528e-20
1341.00 4.143228e-20
1342.00 4.131746e-20
1343.00 4.120826e-20
1344.00 4.11045e-20
1345.00 4.100594e-20
1346.00 4.091222e-20
1347.00 4.082291e-20
1348.00 4.07375e-20
1349.00 4.065539e-20
1350.00 4.057596e-20
1351.00 4.049852e-20
1352.00 4.042235e-20
1353.00 4.034673e-20
1354.00 4.027095e-20
1355.00 4.019429e-20
1356.00 4.01161e-20
1357.00 4.003576e-20
1358.00 3.995271e-20
1359.00 3.986646e-20
1360.00 3.977661e-20
1361.00 3.968283e-20
1362.00 3.95849e-20
1363.00 3.948267e-20
1364.00 3.93761e-20
1365.00 3.926523e-20
1366.00 3.915017e-20
1367.00 3.903115e-20
1368.00 3.890843e-20
1369.00 3.878237e-20
1370.00 3.865337e-20
1371.00 3.852187e-20
1372.00 3.838835e-20
1373.00 3.825333e-20
1374.00 3.811731e-20
1375.00 3.798083e-20
1376.00 3.784441e-20
1377.00 3.770853e-20
1378.00 3.75737e-20
1379.00 3.744035e-20
1380.00 3.730891e-20
1381.00 3.717975e-20
1382.00 3.70532e-20
1383.00 3.692957e-20
1384.00 3.68091e-20
1385.00 3.669198e-20
1386.00 3.657837e-20
1387.00 3.646838e-20
1388.00 3.636206e-20
1389.00 3.625943e-20
1390.00 3.616045e-20
1391.00 3.606504e-20
1392.00 3.597305e-20
1393.00 3.58843e-20
1394.00 3.579855e-20
1395.00 3.57155e-20
1396.00 3.563482e-20
1397.00 3.555609e-20
1398.00 3.547888e-20
1399.00 3.540269e-20
1400.00 3.532698e-20
1401.00 3.525119e-20
1402.00 3.517471e-20
1403.00 3.509694e-20
1404.00 3.501725e-20
1405.00 3.493506e-20
1406.00 3.484978e-20
1407.00 3.476088e-20
1408.00 3.466786e-20
1409.00 3.457032e-20
1410.00 3.446793e-20
1411.00 3.436045e-20
1412.00 3.424774e-20
1413.00 3.412978e-20
1414.00 3.400667e-20
1415.00 3.387862e-20
1416.00 3.374595e-20
1417.00 3.36091e-20
1418.00 3.346861e-20
1419.00 3.332513e-20
1420.00 3.317937e-20
1421.00 3.303214e-20
1422.00 3.288426e-20
1423.00 3.273665e-20
1424.00 3.259019e-20
1425.00 3.244581e-20
1426.00 3.230442e-20
1427.00 3.216688e-20
1428.00 3.203403e-20
1429.00 3.190664e-20
1430.00 3.178542e-20
1431.00 3.167097e-20
1432.00 3.156381e-20
1433.00 3.146435e-20
1434.00 3.13729e-20
1435.00 3.128964e-20
1436.00 3.121462e-20
1437.00 3.114779e-20
1438.00 3.108897e-20
1439.00 3.103784e-20
1440.00 3.099402e-20
1441.00 3.095699e-20
1442.00 3.092616e-20
1443.00 3.090086e-20
1444.00 3.088035e-20
1445.00 3.086388e-20
1446.00 3.085066e-20
1447.00 3.083989e-20
1448.00 3.083081e-20
1449.00 3.082269e-20
1450.00 3.081488e-20
1451.00 3.080677e-20
1452.00 3.079789e-20
1453.00 3.078786e-20
1454.00 3.077643e-20
1455.00 3.07635e-20
1456.00 3.07491e-20
1457.00 3.073339e-20
1458.00 3.071671e-20
1459.00 3.06995e-20
1460.00 3.068238e-20
1461.00 3.066604e-20
1462.00 3.065134e-20
1463.00 3.063918e-20
1464.00 3.063057e-20
1465.00 3.062657e-20
1466.00 3.06283e-20
1467.00 3.063688e-20
1468.00 3.065345e-20
1469.00 3.067912e-20
1470.00 3.0715e-20
1471.00 3.076216e-20
1472.00 3.08216e-20
1473.00 3.089429e-20
1474.00 3.098112e-20
1475.00 3.108295e-20
1476.00 3.120056e-20
1477.00 3.133468e-20
1478.00 3.1486e-20
1479.00 3.165516e-20
1480.00 3.184277e-20
1481.00 3.204943e-20
1482.00 3.227572e-20
1483.00 3.25222e-20
1484.00 3.278945e-20
1485.00 3.307805e-20
1486.00 3.338856e-20
1487.00 3.372157e-20
1488.00 3.407766e-20
1489.00 3.445739e-20
1490.00 3.486131e-20
1491.00 3.528994e-20
1492.00 3.574372e-20
1493.00 3.622307e-20
1494.00 3.672831e-20
1495.00 3.725964e-20
1496.00 3.781719e-20
1497.00 3.840093e-20
1498.00 3.901071e-20
1499.00 3.964623e-20
1500.00 4.030704e-20
1501.00 4.099254e-20
1502.00 4.170198e-20
1503.00 4.243447e-20
1504.00 4.318898e-20
1505.00 4.396437e-20
1506.00 4.475939e-20
1507.00 4.557271e-20
1508.00 4.64029e-20
1509.00 4.724849e-20
1510.00 4.810798e-20
1511.00 4.897981e-20
1512.00 4.986245e-20
1513.00 5.075432e-20
1514.00 5.165386e-20
1515.00 5.25595e-20
1516.00 5.34697e-20
1517.00 5.438288e-20
1518.00 5.529748e-20
1519.00 5.621191e-20
1520.00 5.712456e-20
1521.00 5.803379e-20
1522.00 5.89379e-20
1523.00 5.983517e-20
1524.00 6.072378e-20
1525.00 6.160189e-20
1526.00 6.246757e-20
1527.00 6.331884e-20
1528.00 6.415366e-20
1529.00 6.496997e-20
1530.00 6.576565e-20
1531.00 6.65386e-20
1532.00 6.728672e-20
1533.00 6.800795e-20
1534.00 6.87003e-20
1535.00 6.936187e-20
1536.00 6.999088e-20
1537.00 7.058571e-20
1538.00 7.11449e-20
1539.00 7.166719e-20
1540.00 7.215156e-20
1541.00 7.259721e-20
1542.00 7.30036e-20
1543.00 7.337044e-20
1544.00 7.369771e-20
1545.00 7.398562e-20
1546.00 7.423467e-20
1547.00 7.444556e-20
1548.00 7.461923e-20
1549.00 7.475678e-20
1550.00 7.485951e-20
1551.00 7.492886e-20
1552.00 7.496635e-20
1553.00 7.49736e-20
1554.00 7.495229e-20
1555.00 7.490411e-20
1556.00 7.483073e-20
1557.00 7.473382e-20
1558.00 7.461499e-20
1559.00 7.447578e-20
1560.00 7.431768e-20
1561.00 7.414207e-20
1562.00 7.395028e-20
1563.00 7.374354e-20
1564.00 7.352302e-20
1565.00 7.328981e-20
1566.00 7.304496e-20
1567.00 7.278948e-20
1568.00 7.252433e-20
1569.00 7.225048e-20
1570.00 7.196888e-20
1571.00 7.168049e-20
1572.00 7.138627e-20
1573.00 7.10872e-20
1574.00 7.078428e-20
1575.00 7.047851e-20
1576.00 7.017091e-20
1577.00 6.986248e-20
1578.00 6.955422e-20
1579.00 6.924709e-20
1580.00 6.894201e-20
1581.00 6.863986e-20
1582.00 6.834141e-20
1583.00 6.804737e-20
1584.00 6.775836e-20
1585.00 6.747485e-20
1586.00 6.719724e-20
1587.00 6.692579e-20
1588.00 6.666063e-20
1589.00 6.640179e-20
1590.00 6.614918e-20
1591.00 6.590264e-20
1592.00 6.566188e-20
1593.00 6.542657e-20
1594.00 6.519634e-20
1595.00 6.497077e-20
1596.00 6.474944e-20
1597.00 6.453192e-20
1598.00 6.431785e-20
1599.00 6.410688e-20
1600.00 6.389874e-20
1601.00 6.369324e-20
1602.00 6.349025e-20
1603.00 6.328977e-20
1604.00 6.309186e-20
1605.00 6.28967e-20
1606.00 6.270453e-20
1607.00 6.25157e-20
1608.00 6.233061e-20
1609.00 6.214971e-20
1610.00 6.19735e-20
1611.00 6.18025e-20
1612.00 6.16372e-20
1613.00 6.147811e-20
1614.00 6.132565e-20
1615.00 6.118023e-20
1616.00 6.104213e-20
1617.00 6.091158e-20
1618.00 6.078867e-20
1619.00 6.06734e-20
1620.00 6.056564e-20
1621.00 6.046512e-20
1622.00 6.037148e-20
1623.00 6.028421e-20
1624.00 6.020271e-20
1625.00 6.012628e-20
1626.00 6.005413e-20
1627.00 5.998541e-20
1628.00 5.991922e-20
1629.00 5.985461e-20
1630.00 5.979065e-20
1631.00 5.972638e-20
1632.00 5.96609e-20
1633.00 5.959332e-20
1634.00 5.952284e-20
1635.00 5.94487e-20
1636.00 5.937027e-20
1637.00 5.928698e-20
1638.00 5.919839e-20
1639.00 5.910415e-20
1640.00 5.900405e-20
1641.00 5.8898e-20
1642.00 5.8786e-20
1643.00 5.866821e-20
1644.00 5.854486e-20
1645.00 5.841631e-20
1646.00 5.828303e-20
1647.00 5.814556e-20
1648.00 5.800454e-20
1649.00 5.786068e-20
1650.00 5.771474e-20
1651.00 5.756756e-20
1652.00 5.742e-20
1653.00 5.727294e-20
1654.00 5.71273e-20
1655.00 5.6984e-20
1656.00 5.684395e-20
1657.00 5.670808e-20
1658.00 5.657726e-20
1659.00 5.645238e-20
1660.00 5.633427e-20
1661.00 5.622374e-20
1662.00 5.612157e-20
1663.00 5.602849e-20
1664.00 5.594523e-20
1665.00 5.587245e-20
1666.00 5.581079e-20
1667.00 5.576088e-20
1668.00 5.57233e-20
1669.00 5.569863e-20
1670.00 5.568743e-20
1671.00 5.569023e-20
1672.00 5.570757e-20
1673.00 5.573997e-20
1674.00 5.578793e-20
1675.00 5.585196e-20
1676.00 5.593255e-20
1677.00 5.603015e-20
1678.00 5.614522e-20
1679.00 5.627817e-20
1680.00 5.642938e-20
1681.00 5.659917e-20
1682.00 5.678783e-20
1683.00 5.699554e-20
1684.00 5.722245e-20
1685.00 5.74686e-20
1686.00 5.773394e-20
1687.00 5.801833e-20
1688.00 5.832151e-20
1689.00 5.864312e-20
1690.00 5.898271e-20
1691.00 5.933969e-20
1692.00 5.97134e-20
1693.00 6.010307e-20
1694.00 6.050786e-20
1695.00 6.092687e-20
1696.00 6.13591e-20
1697.00 6.180356e-20
1698.00 6.22592e-20
1699.00 6.2725e-20
1700.00 6.319991e-20
1701.00 6.368294e-20
1702.00 6.417312e-20
1703.00 6.466958e-20
1704.00 6.517146e-20
1705.00 6.567804e-20
1706.00 6.618864e-20
1707.00 6.67027e-20
1708.00 6.721973e-20
1709.00 6.773936e-20
1710.00 6.826127e-20
1711.00 6.878523e-20
1712.00 6.931107e-20
1713.00 6.983868e-20
1714.00 7.036795e-20
1715.00 7.089884e-20
1716.00 7.143125e-20
1717.00 7.196511e-20
1718.00 7.250029e-20
1719.00 7.303662e-20
1720.00 7.357385e-20
1721.00 7.411165e-20
1722.00 7.464962e-20
1723.00 7.518723e-20
1724.00 7.572388e-20
1725.00 7.625885e-20
1726.00 7.679131e-20
1727.00 7.732033e-20
1728.00 7.784491e-20
1729.00 7.836396e-20
1730.00 7.887631e-20
1731.00 7.938076e-20
1732.00 7.987605e-20
1733.00 8.036093e-20
1734.00 8.083414e-20
1735.00 8.129444e-20
1736.00 8.174062e-20
1737.00 8.217156e-20
1738.00 8.258617e-20
1739.00 8.298349e-20
1740.00 8.336264e-20
1741.00 8.372287e-20
1742.00 8.406352e-20
1743.00 8.438409e-20
1744.00 8.468421e-20
1745.00 8.496361e-20
1746.00 8.522219e-20
1747.00 8.545993e-20
1748.00 8.567698e-20
1749.00 8.587355e-20
1750.00 8.604999e-20
1751.00 8.620672e-20
1752.00 8.634424e-20
1753.00 8.646312e-20
1754.00 8.6564e-20
1755.00 8.664754e-20
1756.00 8.671444e-20
1757.00 8.676542e-20
1758.00 8.680121e-20
1759.00 8.682254e-20
1760.00 8.683014e-20
1761.00 8.68247e-20
1762.00 8.680691e-20
1763.00 8.677744e-20
1764.00 8.67369e-20
1765.00 8.668589e-20
1766.00 8.662497e-20
1767.00 8.655464e-20
1768.00 8.647538e-20
1769.00 8.63876e-20
1770.00 8.629171e-20
1771.00 8.618801e-20
1772.00 8.607681e-20
1773.00 8.595833e-20
1774.00 8.583276e-20
1775.00 8.570023e-20
1776.00 8.556081e-20
1777.00 8.541452e-20
1778.00 8.526133e-20
1779.00 8.510114e-20
1780.00 8.49338e-20
1781.00 8.475911e-20
1782.00 8.457679e-20
1783.00 8.438653e-20
1784.00 8.418796e-20
1785.00 8.398066e-20
1786.00 8.376418e-20
1787.00 8.353802e-20
1788.00 8.330166e-20
1789.00 8.305456e-20
1790.00 8.279615e-20
1791.00 8.252589e-20
1792.00 8.224321e-20
1793.00 8.19476e-20
1794.00 8.163854e-20
1795.00 8.131557e-20
1796.00 8.097826e-20
1797.00 8.062625e-20
1798.00 8.025925e-20
1799.00 7.987703e-20
1800.00 7.947944e-20
