# Wavelength(nm)  Flambda(ergs/cm^s/s/nm)
30.00 2.448088e-57
31.00 2.406302e-57
32.00 2.364834e-57
33.00 2.323682e-57
34.00 2.282844e-57
35.00 2.242318e-57
36.00 2.202103e-57
37.00 2.162196e-57
38.00 2.122595e-57
39.00 2.083298e-57
40.00 2.044304e-57
41.00 2.005611e-57
42.00 1.967217e-57
43.00 1.929119e-57
44.00 1.891317e-57
45.00 1.853807e-57
46.00 1.816589e-57
47.00 1.779661e-57
48.00 1.74302e-57
49.00 1.706665e-57
50.00 1.670594e-57
51.00 1.634806e-57
52.00 1.599298e-57
53.00 1.564068e-57
54.00 1.529116e-57
55.00 1.494439e-57
56.00 1.460036e-57
57.00 1.425904e-57
58.00 1.392042e-57
59.00 1.358449e-57
60.00 1.325123e-57
61.00 1.292061e-57
62.00 1.259261e-57
63.00 1.226734e-57
64.00 1.194402e-57
65.00 1.162683e-57
66.00 1.129232e-57
67.00 1.10702e-57
68.00 1.026146e-57
69.00 1.276675e-57
70.00 0
71.00 8.382264e-57
72.00 0
73.00 2.141076e-55
74.00 0
75.00 6.615369e-54
76.00 0
77.00 2.098484e-52
78.00 0
79.00 5.924437e-51
80.00 0
81.00 1.654075e-49
82.00 0
83.00 5.358584e-48
84.00 0
85.00 1.572328e-46
86.00 0
87.00 4.24623e-45
88.00 0
89.00 1.247186e-43
90.00 0
91.00 2.916315e-42
92.00 0
93.00 6.382432e-41
94.00 0
95.00 6.82447e-41
96.00 1.921697e-23
97.00 4.551925e-23
98.00 7.159161e-23
99.00 9.743558e-23
100.00 1.230526e-22
101.00 1.484443e-22
102.00 1.796568e-22
103.00 2.178298e-22
104.00 2.64376e-22
105.00 3.208959e-22
106.00 3.891596e-22
107.00 4.710684e-22
108.00 5.685968e-22
109.00 6.837138e-22
110.00 8.182879e-22
111.00 9.739825e-22
112.00 1.152152e-21
113.00 1.353745e-21
114.00 1.579226e-21
115.00 1.828517e-21
116.00 2.100967e-21
117.00 2.395336e-21
118.00 2.709811e-21
119.00 3.042033e-21
120.00 3.389146e-21
121.00 3.747858e-21
122.00 4.114522e-21
123.00 4.485223e-21
124.00 4.855888e-21
125.00 5.222388e-21
126.00 5.580654e-21
127.00 5.926788e-21
128.00 6.257161e-21
129.00 6.568512e-21
130.00 6.858014e-21
131.00 7.12334e-21
132.00 7.362701e-21
133.00 7.574866e-21
134.00 7.759166e-21
135.00 7.915484e-21
136.00 8.044225e-21
137.00 8.146283e-21
138.00 8.222989e-21
139.00 8.276059e-21
140.00 8.307535e-21
141.00 8.319716e-21
142.00 8.315103e-21
143.00 8.296322e-21
144.00 8.266066e-21
145.00 8.227032e-21
146.00 8.181858e-21
147.00 8.133079e-21
148.00 8.083073e-21
149.00 8.034027e-21
150.00 7.98791e-21
151.00 7.946454e-21
152.00 7.911147e-21
153.00 7.883232e-21
154.00 7.863717e-21
155.00 7.853398e-21
156.00 7.852869e-21
157.00 7.862558e-21
158.00 7.882751e-21
159.00 7.913612e-21
160.00 7.955215e-21
161.00 8.00756e-21
162.00 8.070593e-21
163.00 8.144219e-21
164.00 8.22831e-21
165.00 8.322708e-21
166.00 8.427225e-21
167.00 8.541629e-21
168.00 8.665629e-21
169.00 8.798843e-21
170.00 8.940749e-21
171.00 9.090634e-21
172.00 9.247502e-21
173.00 9.409998e-21
174.00 9.576291e-21
175.00 9.744001e-21
176.00 9.910119e-21
177.00 1.007101e-20
178.00 1.022249e-20
179.00 1.036e-20
180.00 1.047897e-20
181.00 1.057523e-20
182.00 1.064557e-20
183.00 1.068837e-20
184.00 1.07041e-20
185.00 1.069579e-20
186.00 1.066914e-20
187.00 1.063243e-20
188.00 1.0596e-20
189.00 1.057147e-20
190.00 1.057072e-20
191.00 1.060481e-20
192.00 1.068297e-20
193.00 1.08118e-20
194.00 1.099489e-20
195.00 1.123275e-20
196.00 1.152309e-20
197.00 1.186146e-20
198.00 1.224188e-20
199.00 1.265758e-20
200.00 1.310146e-20
201.00 1.363889e-20
202.00 1.433473e-20
203.00 1.518113e-20
204.00 1.616994e-20
205.00 1.729242e-20
206.00 1.853902e-20
207.00 1.988809e-20
208.00 2.117131e-20
209.00 2.232681e-20
210.00 2.334365e-20
211.00 2.421135e-20
212.00 2.492068e-20
213.00 2.546466e-20
214.00 2.584129e-20
215.00 2.605547e-20
216.00 2.611228e-20
217.00 2.602148e-20
218.00 2.579752e-20
219.00 2.545878e-20
220.00 2.502564e-20
221.00 2.450299e-20
222.00 2.39054e-20
223.00 2.325247e-20
224.00 2.256015e-20
225.00 2.183981e-20
226.00 2.109784e-20
227.00 2.042379e-20
228.00 1.99708e-20
229.00 1.973428e-20
230.00 1.970423e-20
231.00 1.986934e-20
232.00 2.021784e-20
233.00 2.068499e-20
234.00 2.096941e-20
235.00 2.101963e-20
236.00 2.082981e-20
237.00 2.039554e-20
238.00 1.971408e-20
239.00 1.87946e-20
240.00 1.781525e-20
241.00 1.684303e-20
242.00 1.588159e-20
243.00 1.493619e-20
244.00 1.401296e-20
245.00 1.311784e-20
246.00 1.22567e-20
247.00 1.143252e-20
248.00 1.064432e-20
249.00 9.887582e-21
250.00 9.154537e-21
251.00 8.435059e-21
252.00 7.595303e-21
253.00 6.51065e-21
254.00 5.175032e-21
255.00 3.586039e-21
256.00 1.745611e-21
257.00 0
258.00 0
259.00 0
260.00 0
261.00 0
262.00 0
263.00 0
264.00 0
265.00 0
266.00 0
267.00 0
268.00 4.307017e-21
269.00 1.033466e-20
270.00 1.470766e-20
271.00 1.775329e-20
272.00 2.13749e-20
273.00 2.538838e-20
274.00 2.907471e-20
275.00 3.199397e-20
276.00 3.373646e-20
277.00 3.516384e-20
278.00 3.660751e-20
279.00 3.758651e-20
280.00 3.914448e-20
281.00 3.549634e-20
282.00 3.251307e-20
283.00 3.036657e-20
284.00 2.904954e-20
285.00 2.855499e-20
286.00 2.887626e-20
287.00 3.007161e-20
288.00 3.233696e-20
289.00 3.567931e-20
290.00 4.009119e-20
291.00 4.556552e-20
292.00 5.209554e-20
293.00 5.937211e-20
294.00 6.704359e-20
295.00 7.510801e-20
296.00 8.356391e-20
297.00 9.240995e-20
298.00 1.016171e-19
299.00 1.107304e-19
300.00 1.195924e-19
301.00 1.282058e-19
302.00 1.365729e-19
303.00 1.446964e-19
304.00 1.521001e-19
305.00 1.572249e-19
306.00 1.599622e-19
307.00 1.603247e-19
308.00 1.583244e-19
309.00 1.539799e-19
310.00 1.488096e-19
311.00 1.4396e-19
312.00 1.394288e-19
313.00 1.352141e-19
314.00 1.313139e-19
315.00 1.275976e-19
316.00 1.233355e-19
317.00 1.184152e-19
318.00 1.128387e-19
319.00 1.06608e-19
320.00 9.972498e-20
321.00 9.30311e-20
322.00 8.740062e-20
323.00 8.282909e-20
324.00 7.931219e-20
325.00 7.684579e-20
326.00 7.53828e-20
327.00 7.465422e-20
328.00 7.461223e-20
329.00 7.525454e-20
330.00 7.6579e-20
331.00 7.858381e-20
332.00 8.163948e-20
333.00 8.607905e-20
334.00 9.18988e-20
335.00 9.909524e-20
336.00 1.076651e-19
337.00 1.169962e-19
338.00 1.244344e-19
339.00 1.29676e-19
340.00 1.32727e-19
341.00 1.335932e-19
342.00 1.323493e-19
343.00 1.322678e-19
344.00 1.351319e-19
345.00 1.409351e-19
346.00 1.496709e-19
347.00 1.613333e-19
348.00 1.754375e-19
349.00 1.908733e-19
350.00 2.075946e-19
351.00 2.255997e-19
352.00 2.448868e-19
353.00 2.650656e-19
354.00 2.823253e-19
355.00 2.95705e-19
356.00 3.052129e-19
357.00 3.108566e-19
358.00 3.126455e-19
359.00 3.140571e-19
360.00 3.182227e-19
361.00 3.251377e-19
362.00 3.347975e-19
363.00 3.471977e-19
364.00 3.605222e-19
365.00 3.691329e-19
366.00 3.726341e-19
367.00 3.710339e-19
368.00 3.643405e-19
369.00 3.527245e-19
370.00 3.381776e-19
371.00 3.21289e-19
372.00 3.020616e-19
373.00 2.80498e-19
374.00 2.56603e-19
375.00 2.345338e-19
376.00 2.180847e-19
377.00 2.072468e-19
378.00 2.020113e-19
379.00 2.023699e-19
380.00 2.09012e-19
381.00 2.238871e-19
382.00 2.471007e-19
383.00 2.786415e-19
384.00 3.184981e-19
385.00 3.656653e-19
386.00 4.110682e-19
387.00 4.525293e-19
388.00 4.900551e-19
389.00 5.23652e-19
390.00 5.533189e-19
391.00 5.782172e-19
392.00 5.977792e-19
393.00 6.120128e-19
394.00 6.209259e-19
395.00 6.245265e-19
396.00 6.225645e-19
397.00 6.145256e-19
398.00 6.004034e-19
399.00 5.802067e-19
400.00 5.539445e-19
401.00 5.231584e-19
402.00 4.96717e-19
403.00 4.760354e-19
404.00 4.611043e-19
405.00 4.519145e-19
406.00 4.482913e-19
407.00 4.453852e-19
408.00 4.409546e-19
409.00 4.350018e-19
410.00 4.275292e-19
411.00 4.185392e-19
412.00 4.103313e-19
413.00 4.060652e-19
414.00 4.057533e-19
415.00 4.093886e-19
416.00 4.169642e-19
417.00 4.272198e-19
418.00 4.352543e-19
419.00 4.40577e-19
420.00 4.431929e-19
421.00 4.43107e-19
422.00 4.405976e-19
423.00 4.398111e-19
424.00 4.421406e-19
425.00 4.4758e-19
426.00 4.561229e-19
427.00 4.677629e-19
428.00 4.780848e-19
429.00 4.825333e-19
430.00 4.811203e-19
431.00 4.738583e-19
432.00 4.6076e-19
433.00 4.429861e-19
434.00 4.242726e-19
435.00 4.049079e-19
436.00 3.848936e-19
437.00 3.642312e-19
438.00 3.432274e-19
439.00 3.259036e-19
440.00 3.13498e-19
441.00 3.059989e-19
442.00 3.033942e-19
443.00 3.056715e-19
444.00 3.126876e-19
445.00 3.242891e-19
446.00 3.404641e-19
447.00 3.612002e-19
448.00 3.864852e-19
449.00 4.166323e-19
450.00 4.52891e-19
451.00 4.953699e-19
452.00 5.440512e-19
453.00 5.989165e-19
454.00 6.595827e-19
455.00 7.170021e-19
456.00 7.672885e-19
457.00 8.104626e-19
458.00 8.465449e-19
459.00 8.755566e-19
460.00 8.945168e-19
461.00 8.979219e-19
462.00 8.856993e-19
463.00 8.57899e-19
464.00 8.145716e-19
465.00 7.572765e-19
466.00 6.994033e-19
467.00 6.440896e-19
468.00 5.913276e-19
469.00 5.411094e-19
470.00 4.934272e-19
471.00 4.533771e-19
472.00 4.268346e-19
473.00 4.137598e-19
474.00 4.141044e-19
475.00 4.278198e-19
476.00 4.526081e-19
477.00 4.743878e-19
478.00 4.907363e-19
479.00 5.016736e-19
480.00 5.072204e-19
481.00 5.073972e-19
482.00 5.088394e-19
483.00 5.184408e-19
484.00 5.361696e-19
485.00 5.619929e-19
486.00 5.958773e-19
487.00 6.363374e-19
488.00 6.729979e-19
489.00 7.038448e-19
490.00 7.289019e-19
491.00 7.481934e-19
492.00 7.617434e-19
493.00 7.669382e-19
494.00 7.598934e-19
495.00 7.406257e-19
496.00 7.091897e-19
497.00 6.656403e-19
498.00 6.109607e-19
499.00 5.602888e-19
500.00 5.18898e-19
501.00 4.867462e-19
502.00 4.63791e-19
503.00 4.499897e-19
504.00 4.432447e-19
505.00 4.366485e-19
506.00 4.296465e-19
507.00 4.222409e-19
508.00 4.144338e-19
509.00 4.062273e-19
510.00 3.999867e-19
511.00 3.982508e-19
512.00 4.00998e-19
513.00 4.082055e-19
514.00 4.198504e-19
515.00 4.358299e-19
516.00 4.544908e-19
517.00 4.751744e-19
518.00 4.978698e-19
519.00 5.22566e-19
520.00 5.492516e-19
521.00 5.777655e-19
522.00 6.071723e-19
523.00 6.373085e-19
524.00 6.681696e-19
525.00 6.99751e-19
526.00 7.320479e-19
527.00 7.628241e-19
528.00 7.851114e-19
529.00 7.984528e-19
530.00 8.02899e-19
531.00 7.985006e-19
532.00 7.853086e-19
533.00 7.698642e-19
534.00 7.651145e-19
535.00 7.713551e-19
536.00 7.885212e-19
537.00 8.165481e-19
538.00 8.553705e-19
539.00 9.001383e-19
540.00 9.435076e-19
541.00 9.854073e-19
542.00 1.025846e-18
543.00 1.064831e-18
544.00 1.102371e-18
545.00 1.135969e-18
546.00 1.162062e-18
547.00 1.180665e-18
548.00 1.191827e-18
549.00 1.195594e-18
550.00 1.192013e-18
551.00 1.182768e-18
552.00 1.170646e-18
553.00 1.155709e-18
554.00 1.137976e-18
555.00 1.117464e-18
556.00 1.094192e-18
557.00 1.068052e-18
558.00 1.038749e-18
559.00 1.00629e-18
560.00 9.706975e-19
561.00 9.319922e-19
562.00 8.901961e-19
563.00 8.465147e-19
564.00 8.064346e-19
565.00 7.706177e-19
566.00 7.390357e-19
567.00 7.116604e-19
568.00 6.884633e-19
569.00 6.695479e-19
570.00 6.568159e-19
571.00 6.508635e-19
572.00 6.516435e-19
573.00 6.591088e-19
574.00 6.732123e-19
575.00 6.939071e-19
576.00 7.173794e-19
577.00 7.394982e-19
578.00 7.602705e-19
579.00 7.797058e-19
580.00 7.978133e-19
581.00 8.146023e-19
582.00 8.294969e-19
583.00 8.397208e-19
584.00 8.449453e-19
585.00 8.452068e-19
586.00 8.405417e-19
587.00 8.309864e-19
588.00 8.165793e-19
589.00 7.982526e-19
590.00 7.76767e-19
591.00 7.521463e-19
592.00 7.244145e-19
593.00 6.935952e-19
594.00 6.597124e-19
595.00 6.237319e-19
596.00 5.925806e-19
597.00 5.676119e-19
598.00 5.487793e-19
599.00 5.360363e-19
600.00 5.293366e-19
601.00 5.28634e-19
602.00 5.316302e-19
603.00 5.328075e-19
604.00 5.319313e-19
605.00 5.290176e-19
606.00 5.240822e-19
607.00 5.171412e-19
608.00 5.082102e-19
609.00 4.991898e-19
610.00 4.924198e-19
611.00 4.878892e-19
612.00 4.855806e-19
613.00 4.854762e-19
614.00 4.875587e-19
615.00 4.918096e-19
616.00 4.963745e-19
617.00 4.995833e-19
618.00 5.014468e-19
619.00 5.019757e-19
620.00 5.011809e-19
621.00 4.990731e-19
622.00 4.956629e-19
623.00 4.930023e-19
624.00 4.932461e-19
625.00 4.963709e-19
626.00 5.023532e-19
627.00 5.111695e-19
628.00 5.227963e-19
629.00 5.372103e-19
630.00 5.543895e-19
631.00 5.743131e-19
632.00 5.969581e-19
633.00 6.223014e-19
634.00 6.503202e-19
635.00 6.809917e-19
636.00 7.142931e-19
637.00 7.494011e-19
638.00 7.818242e-19
639.00 8.108909e-19
640.00 8.366289e-19
641.00 8.590659e-19
642.00 8.782296e-19
643.00 8.941472e-19
644.00 9.068506e-19
645.00 9.173325e-19
646.00 9.263446e-19
647.00 9.338993e-19
648.00 9.400091e-19
649.00 9.446862e-19
650.00 9.479429e-19
651.00 9.497914e-19
652.00 9.498922e-19
653.00 9.458982e-19
654.00 9.374061e-19
655.00 9.244552e-19
656.00 9.070849e-19
657.00 8.85334e-19
658.00 8.592414e-19
659.00 8.288458e-19
660.00 7.955022e-19
661.00 7.629467e-19
662.00 7.313971e-19
663.00 7.008449e-19
664.00 6.712821e-19
665.00 6.427003e-19
666.00 6.150914e-19
667.00 5.884473e-19
668.00 5.632048e-19
669.00 5.403749e-19
670.00 5.19977e-19
671.00 5.019895e-19
672.00 4.86391e-19
673.00 4.731602e-19
674.00 4.622757e-19
675.00 4.537165e-19
676.00 4.470921e-19
677.00 4.410661e-19
678.00 4.355158e-19
679.00 4.304368e-19
680.00 4.25825e-19
681.00 4.216761e-19
682.00 4.179859e-19
683.00 4.147501e-19
684.00 4.119362e-19
685.00 4.09115e-19
686.00 4.061444e-19
687.00 4.030259e-19
688.00 3.997608e-19
689.00 3.963507e-19
690.00 3.927969e-19
691.00 3.891008e-19
692.00 3.852639e-19
693.00 3.811956e-19
694.00 3.766816e-19
695.00 3.717173e-19
696.00 3.663071e-19
697.00 3.604555e-19
698.00 3.541667e-19
699.00 3.474454e-19
700.00 3.402957e-19
701.00 3.327227e-19
702.00 3.257659e-19
703.00 3.205429e-19
704.00 3.170373e-19
705.00 3.152323e-19
706.00 3.15111e-19
707.00 3.166569e-19
708.00 3.198532e-19
709.00 3.246835e-19
710.00 3.311313e-19
711.00 3.380382e-19
712.00 3.439853e-19
713.00 3.489783e-19
714.00 3.530265e-19
715.00 3.561393e-19
716.00 3.583262e-19
717.00 3.595963e-19
718.00 3.59959e-19
719.00 3.594235e-19
720.00 3.583819e-19
721.00 3.5822e-19
722.00 3.590537e-19
723.00 3.608727e-19
724.00 3.636668e-19
725.00 3.674259e-19
726.00 3.721398e-19
727.00 3.777987e-19
728.00 3.843926e-19
729.00 3.919106e-19
730.00 3.995194e-19
731.00 4.064921e-19
732.00 4.128353e-19
733.00 4.185551e-19
734.00 4.236581e-19
735.00 4.281505e-19
736.00 4.320386e-19
737.00 4.353286e-19
738.00 4.380267e-19
739.00 4.401333e-19
740.00 4.410303e-19
741.00 4.403106e-19
742.00 4.379914e-19
743.00 4.340897e-19
744.00 4.286226e-19
745.00 4.216071e-19
746.00 4.130598e-19
747.00 4.029976e-19
748.00 3.91437e-19
749.00 3.783945e-19
750.00 3.654101e-19
751.00 3.553485e-19
752.00 3.482456e-19
753.00 3.440694e-19
754.00 3.427885e-19
755.00 3.443712e-19
756.00 3.487864e-19
757.00 3.560031e-19
758.00 3.659902e-19
759.00 3.787173e-19
760.00 3.940908e-19
761.00 4.090458e-19
762.00 4.219154e-19
763.00 4.327223e-19
764.00 4.414887e-19
765.00 4.482369e-19
766.00 4.529892e-19
767.00 4.557674e-19
768.00 4.565934e-19
769.00 4.554889e-19
770.00 4.524755e-19
771.00 4.475799e-19
772.00 4.419291e-19
773.00 4.363614e-19
774.00 4.308759e-19
775.00 4.254719e-19
776.00 4.201486e-19
777.00 4.149054e-19
778.00 4.097416e-19
779.00 4.046563e-19
780.00 3.99649e-19
781.00 3.947188e-19
782.00 3.898652e-19
783.00 3.850381e-19
784.00 3.799657e-19
785.00 3.746091e-19
786.00 3.689718e-19
787.00 3.630572e-19
788.00 3.568686e-19
789.00 3.504096e-19
790.00 3.436833e-19
791.00 3.366931e-19
792.00 3.294423e-19
793.00 3.219341e-19
794.00 3.141719e-19
795.00 3.061763e-19
796.00 2.980817e-19
797.00 2.899163e-19
798.00 2.816813e-19
799.00 2.733777e-19
800.00 2.650066e-19
801.00 2.565692e-19
802.00 2.480664e-19
803.00 2.394995e-19
804.00 2.308694e-19
805.00 2.221772e-19
806.00 2.134239e-19
807.00 2.046106e-19
808.00 1.957848e-19
809.00 1.870434e-19
810.00 1.783888e-19
811.00 1.698202e-19
812.00 1.613371e-19
813.00 1.529386e-19
814.00 1.44624e-19
815.00 1.363928e-19
816.00 1.282442e-19
817.00 1.201775e-19
818.00 1.121921e-19
819.00 1.042872e-19
820.00 9.646233e-20
821.00 8.893549e-20
822.00 8.301595e-20
823.00 7.890331e-20
824.00 7.657604e-20
825.00 7.601277e-20
826.00 7.719231e-20
827.00 8.009361e-20
828.00 8.469579e-20
829.00 9.097816e-20
830.00 9.892015e-20
831.00 1.085014e-19
832.00 1.197016e-19
833.00 1.325008e-19
834.00 1.46879e-19
835.00 1.626324e-19
836.00 1.785093e-19
837.00 1.942789e-19
838.00 2.099418e-19
839.00 2.254989e-19
840.00 2.409507e-19
841.00 2.562979e-19
842.00 2.715413e-19
843.00 2.866815e-19
844.00 3.017192e-19
845.00 3.166551e-19
846.00 3.314898e-19
847.00 3.46224e-19
848.00 3.608583e-19
850.00 3.943984e-19
851.00 4.11108e-19
852.00 4.270776e-19
853.00 4.421877e-19
854.00 4.563786e-19
855.00 4.696515e-19
856.00 4.820509e-19
857.00 4.93642e-19
858.00 5.045001e-19
859.00 5.147148e-19
860.00 5.244012e-19
861.00 5.336983e-19
862.00 5.427455e-19
863.00 5.516458e-19
864.00 5.604365e-19
865.00 5.690823e-19
866.00 5.774892e-19
867.00 5.855268e-19
868.00 5.930491e-19
869.00 5.999074e-19
870.00 6.059605e-19
871.00 6.110962e-19
872.00 6.15231e-19
873.00 6.182985e-19
874.00 6.202509e-19
875.00 6.210615e-19
876.00 6.20725e-19
877.00 6.192564e-19
878.00 6.166867e-19
879.00 6.13057e-19
880.00 6.084137e-19
881.00 6.028078e-19
882.00 5.962984e-19
883.00 5.889577e-19
884.00 5.808759e-19
885.00 5.721605e-19
886.00 5.629311e-19
887.00 5.53309e-19
888.00 5.434088e-19
889.00 5.333303e-19
890.00 5.231571e-19
891.00 5.129572e-19
892.00 5.030061e-19
893.00 4.932076e-19
894.00 4.835392e-19
895.00 4.740601e-19
896.00 4.648379e-19
897.00 4.559486e-19
898.00 4.474723e-19
899.00 4.39486e-19
900.00 4.320535e-19
901.00 4.252149e-19
902.00 4.189781e-19
903.00 4.133156e-19
904.00 4.081668e-19
905.00 4.034451e-19
906.00 3.990495e-19
907.00 3.948712e-19
908.00 3.907978e-19
909.00 3.867159e-19
910.00 3.825159e-19
911.00 3.781005e-19
912.00 3.733979e-19
913.00 3.68377e-19
914.00 3.630634e-19
915.00 3.575487e-19
916.00 3.519877e-19
917.00 3.465778e-19
918.00 3.415188e-19
919.00 3.369635e-19
920.00 3.329741e-19
921.00 3.294999e-19
922.00 3.263851e-19
923.00 3.234019e-19
924.00 3.203007e-19
925.00 3.168638e-19
926.00 3.12956e-19
927.00 3.085649e-19
928.00 3.038248e-19
929.00 2.990056e-19
930.00 2.944524e-19
931.00 2.904842e-19
932.00 2.872944e-19
933.00 2.849049e-19
934.00 2.831916e-19
935.00 2.819585e-19
936.00 2.810124e-19
937.00 2.802066e-19
938.00 2.794497e-19
939.00 2.786934e-19
940.00 2.779155e-19
941.00 2.771066e-19
942.00 2.762625e-19
943.00 2.753813e-19
944.00 2.744617e-19
945.00 2.735032e-19
946.00 2.725057e-19
947.00 2.714699e-19
948.00 2.703974e-19
949.00 2.692907e-19
950.00 2.681533e-19
951.00 2.669901e-19
952.00 2.65807e-19
953.00 2.646115e-19
954.00 2.634122e-19
955.00 2.622188e-19
956.00 2.610423e-19
957.00 2.598946e-19
958.00 2.587878e-19
959.00 2.577349e-19
960.00 2.567486e-19
961.00 2.558413e-19
962.00 2.550249e-19
963.00 2.543101e-19
964.00 2.537063e-19
965.00 2.532215e-19
966.00 2.527125e-19
967.00 2.522391e-19
968.00 2.518725e-19
969.00 2.516112e-19
970.00 2.514517e-19
971.00 2.513882e-19
972.00 2.514132e-19
973.00 2.515172e-19
974.00 2.516892e-19
975.00 2.51917e-19
976.00 2.521874e-19
977.00 2.524867e-19
978.00 2.528007e-19
979.00 2.531155e-19
980.00 2.534172e-19
981.00 2.53693e-19
982.00 2.539307e-19
983.00 2.541191e-19
984.00 2.542484e-19
985.00 2.543101e-19
986.00 2.542965e-19
987.00 2.542014e-19
988.00 2.540196e-19
989.00 2.537463e-19
990.00 2.533777e-19
991.00 2.529101e-19
992.00 2.5234e-19
993.00 2.51664e-19
994.00 2.508787e-19
995.00 2.499807e-19
996.00 2.489665e-19
997.00 2.47833e-19
998.00 2.465776e-19
999.00 2.451985e-19
1000.00 2.436948e-19
1001.00 2.420672e-19
1002.00 2.403176e-19
1003.00 2.384502e-19
1004.00 2.364708e-19
1005.00 2.343875e-19
1006.00 2.3221e-19
1007.00 2.299505e-19
1008.00 2.276226e-19
1009.00 2.252417e-19
1010.00 2.228247e-19
1011.00 2.203898e-19
1012.00 2.179561e-19
1013.00 2.155438e-19
1014.00 2.131734e-19
1015.00 2.108658e-19
1016.00 2.086421e-19
1017.00 2.065229e-19
1018.00 2.045281e-19
1019.00 2.026763e-19
1020.00 2.009846e-19
1021.00 1.994681e-19
1022.00 1.981391e-19
1023.00 1.970068e-19
1024.00 1.960772e-19
1025.00 1.953524e-19
1026.00 1.948305e-19
1027.00 1.94506e-19
1028.00 1.94369e-19
1029.00 1.944064e-19
1030.00 1.946014e-19
1031.00 1.949344e-19
1032.00 1.953832e-19
1033.00 1.95924e-19
1034.00 1.965311e-19
1035.00 1.971785e-19
1036.00 1.978396e-19
1037.00 1.984881e-19
1038.00 1.990985e-19
1039.00 1.996466e-19
1040.00 2.001099e-19
1041.00 2.004679e-19
1042.00 2.007027e-19
1043.00 2.007992e-19
1044.00 2.007453e-19
1045.00 2.005323e-19
1046.00 2.001547e-19
1047.00 1.996104e-19
1048.00 1.989002e-19
1049.00 1.980282e-19
1050.00 1.97001e-19
1051.00 1.958275e-19
1052.00 1.945183e-19
1053.00 1.930856e-19
1054.00 1.91542e-19
1055.00 1.899012e-19
1056.00 1.881764e-19
1057.00 1.863808e-19
1058.00 1.845272e-19
1059.00 1.826275e-19
1060.00 1.806933e-19
1061.00 1.78735e-19
1062.00 1.767627e-19
1063.00 1.747857e-19
1064.00 1.728127e-19
1065.00 1.708519e-19
1066.00 1.689111e-19
1067.00 1.669977e-19
1068.00 1.651185e-19
1069.00 1.632801e-19
1070.00 1.614882e-19
1071.00 1.59748e-19
1072.00 1.580641e-19
1073.00 1.5644e-19
1074.00 1.548785e-19
1075.00 1.533811e-19
1076.00 1.519486e-19
1077.00 1.505805e-19
1078.00 1.492751e-19
1079.00 1.480297e-19
1080.00 1.468408e-19
1081.00 1.457035e-19
1082.00 1.446126e-19
1083.00 1.435617e-19
1084.00 1.425442e-19
1085.00 1.415527e-19
1086.00 1.4058e-19
1087.00 1.396184e-19
1088.00 1.386604e-19
1089.00 1.376988e-19
1090.00 1.367267e-19
1091.00 1.357378e-19
1092.00 1.347264e-19
1093.00 1.336879e-19
1094.00 1.326184e-19
1095.00 1.315151e-19
1096.00 1.303764e-19
1097.00 1.292018e-19
1098.00 1.279919e-19
1099.00 1.267485e-19
1100.00 1.254742e-19
1101.00 1.241725e-19
1102.00 1.228476e-19
1103.00 1.215043e-19
1104.00 1.201474e-19
1105.00 1.187819e-19
1106.00 1.174126e-19
1107.00 1.16044e-19
1108.00 1.146801e-19
1109.00 1.133241e-19
1110.00 1.119788e-19
1111.00 1.106462e-19
1112.00 1.093277e-19
1113.00 1.08024e-19
1114.00 1.067356e-19
1115.00 1.054623e-19
1116.00 1.042041e-19
1117.00 1.029606e-19
1118.00 1.017318e-19
1119.00 1.005176e-19
1120.00 9.931825e-20
1121.00 9.813447e-20
1122.00 9.696715e-20
1123.00 9.581757e-20
1124.00 9.46873e-20
1125.00 9.357819e-20
1126.00 9.249224e-20
1127.00 9.143155e-20
1128.00 9.03982e-20
1129.00 8.93942e-20
1130.00 8.842135e-20
1131.00 8.748119e-20
1132.00 8.657492e-20
1133.00 8.570331e-20
1134.00 8.486672e-20
1135.00 8.406501e-20
1136.00 8.329753e-20
1137.00 8.256317e-20
1138.00 8.186033e-20
1139.00 8.118695e-20
1140.00 8.054057e-20
1141.00 7.991837e-20
1142.00 7.93172e-20
1143.00 7.873368e-20
1144.00 7.816422e-20
1145.00 7.760512e-20
1146.00 7.705259e-20
1147.00 7.650282e-20
1148.00 7.595208e-20
1149.00 7.53967e-20
1150.00 7.483318e-20
1151.00 7.425819e-20
1152.00 7.366864e-20
1153.00 7.306171e-20
1154.00 7.243487e-20
1155.00 7.178594e-20
1156.00 7.11131e-20
1157.00 7.041491e-20
1158.00 6.969035e-20
1159.00 6.89388e-20
1160.00 6.816012e-20
1161.00 6.735458e-20
1162.00 6.652293e-20
1163.00 6.566635e-20
1164.00 6.478644e-20
1165.00 6.388525e-20
1166.00 6.296518e-20
1167.00 6.202899e-20
1168.00 6.107975e-20
1169.00 6.012078e-20
1170.00 5.915558e-20
1171.00 5.818782e-20
1172.00 5.722119e-20
1173.00 5.625942e-20
1174.00 5.530613e-20
1175.00 5.436484e-20
1176.00 5.343884e-20
1177.00 5.253117e-20
1178.00 5.164459e-20
1179.00 5.078147e-20
1180.00 4.994382e-20
1181.00 4.913325e-20
1182.00 4.835097e-20
1183.00 4.759774e-20
1184.00 4.687393e-20
1185.00 4.617956e-20
1186.00 4.551423e-20
1187.00 4.487725e-20
1188.00 4.426764e-20
1189.00 4.368417e-20
1190.00 4.31254e-20
1191.00 4.258977e-20
1192.00 4.207556e-20
1193.00 4.158104e-20
1194.00 4.110442e-20
1195.00 4.064394e-20
1196.00 4.019789e-20
1197.00 3.976465e-20
1198.00 3.934266e-20
1199.00 3.893054e-20
1200.00 3.8527e-20
1201.00 3.813091e-20
1202.00 3.774131e-20
1203.00 3.735738e-20
1204.00 3.697844e-20
1205.00 3.660398e-20
1206.00 3.623364e-20
1207.00 3.586717e-20
1208.00 3.55045e-20
1209.00 3.514564e-20
1210.00 3.479074e-20
1211.00 3.444009e-20
1212.00 3.409407e-20
1213.00 3.375315e-20
1214.00 3.341796e-20
1215.00 3.30892e-20
1216.00 3.27677e-20
1217.00 3.245438e-20
1218.00 3.215028e-20
1219.00 3.185656e-20
1220.00 3.157445e-20
1221.00 3.130529e-20
1222.00 3.105051e-20
1223.00 3.08116e-20
1224.00 3.05901e-20
1225.00 3.038757e-20
1226.00 3.020557e-20
1227.00 3.004561e-20
1228.00 2.990917e-20
1229.00 2.979757e-20
1230.00 2.971204e-20
1231.00 2.96536e-20
1232.00 2.962306e-20
1233.00 2.962101e-20
1234.00 2.964776e-20
1235.00 2.970334e-20
1236.00 2.97875e-20
1237.00 2.989968e-20
1238.00 3.003905e-20
1239.00 3.020448e-20
1240.00 3.03946e-20
1241.00 3.06078e-20
1242.00 3.084229e-20
1243.00 3.109608e-20
1244.00 3.136706e-20
1245.00 3.165303e-20
1246.00 3.195173e-20
1247.00 3.226083e-20
1248.00 3.257805e-20
1249.00 3.29011e-20
1250.00 3.322775e-20
1251.00 3.355584e-20
1252.00 3.388329e-20
1253.00 3.42081e-20
1254.00 3.45284e-20
1255.00 3.484242e-20
1256.00 3.51485e-20
1257.00 3.544511e-20
1258.00 3.573082e-20
1259.00 3.600435e-20
1260.00 3.626454e-20
1261.00 3.651034e-20
1262.00 3.674084e-20
1263.00 3.695524e-20
1264.00 3.715289e-20
1265.00 3.733322e-20
1266.00 3.749582e-20
1267.00 3.764038e-20
1268.00 3.776668e-20
1269.00 3.787463e-20
1270.00 3.796424e-20
1271.00 3.803561e-20
1272.00 3.808891e-20
1273.00 3.812443e-20
1274.00 3.814251e-20
1275.00 3.814356e-20
1276.00 3.812809e-20
1277.00 3.809663e-20
1278.00 3.804981e-20
1279.00 3.798827e-20
1280.00 3.791275e-20
1281.00 3.782398e-20
1282.00 3.772278e-20
1283.00 3.760997e-20
1284.00 3.748639e-20
1285.00 3.735293e-20
1286.00 3.721045e-20
1287.00 3.705983e-20
1288.00 3.690192e-20
1289.00 3.673754e-20
1290.00 3.656748e-20
1291.00 3.639247e-20
1292.00 3.621317e-20
1293.00 3.603019e-20
1294.00 3.584403e-20
1295.00 3.565511e-20
1296.00 3.546376e-20
1297.00 3.527019e-20
1298.00 3.507454e-20
1299.00 3.487684e-20
1300.00 3.467705e-20
1301.00 3.447504e-20
1302.00 3.427061e-20
1303.00 3.406355e-20
1304.00 3.385357e-20
1305.00 3.364039e-20
1306.00 3.342375e-20
1307.00 3.320339e-20
1308.00 3.297913e-20
1309.00 3.275082e-20
1310.00 3.251844e-20
1311.00 3.228202e-20
1312.00 3.204176e-20
1313.00 3.179793e-20
1314.00 3.155097e-20
1315.00 3.130144e-20
1316.00 3.105004e-20
1317.00 3.079757e-20
1318.00 3.054497e-20
1319.00 3.029329e-20
1320.00 3.004366e-20
1321.00 2.979726e-20
1322.00 2.955536e-20
1323.00 2.931921e-20
1324.00 2.90901e-20
1325.00 2.886927e-20
1326.00 2.865791e-20
1327.00 2.845715e-20
1328.00 2.826801e-20
1329.00 2.809138e-20
1330.00 2.792801e-20
1331.00 2.777848e-20
1332.00 2.76432e-20
1333.00 2.752236e-20
1334.00 2.741594e-20
1335.00 2.732371e-20
1336.00 2.724522e-20
1337.00 2.717978e-20
1338.00 2.712649e-20
1339.00 2.708425e-20
1340.00 2.705175e-20
1341.00 2.702753e-20
1342.00 2.700996e-20
1343.00 2.699731e-20
1344.00 2.698776e-20
1345.00 2.697945e-20
1346.00 2.697051e-20
1347.00 2.695909e-20
1348.00 2.694343e-20
1349.00 2.692187e-20
1350.00 2.689289e-20
1351.00 2.685516e-20
1352.00 2.680751e-20
1353.00 2.674904e-20
1354.00 2.667904e-20
1355.00 2.659707e-20
1356.00 2.650292e-20
1357.00 2.63966e-20
1358.00 2.627836e-20
1359.00 2.614865e-20
1360.00 2.600812e-20
1361.00 2.585756e-20
1362.00 2.569792e-20
1363.00 2.553024e-20
1364.00 2.535566e-20
1365.00 2.517537e-20
1366.00 2.499058e-20
1367.00 2.480252e-20
1368.00 2.461239e-20
1369.00 2.442134e-20
1370.00 2.42305e-20
1371.00 2.40409e-20
1372.00 2.385348e-20
1373.00 2.36691e-20
1374.00 2.348852e-20
1375.00 2.331236e-20
1376.00 2.314115e-20
1377.00 2.297529e-20
1378.00 2.281509e-20
1379.00 2.266071e-20
1380.00 2.251222e-20
1381.00 2.236958e-20
1382.00 2.223266e-20
1383.00 2.210125e-20
1384.00 2.197504e-20
1385.00 2.185368e-20
1386.00 2.173677e-20
1387.00 2.162385e-20
1388.00 2.151446e-20
1389.00 2.140813e-20
1390.00 2.130438e-20
1391.00 2.120276e-20
1392.00 2.110287e-20
1393.00 2.100431e-20
1394.00 2.090676e-20
1395.00 2.080996e-20
1396.00 2.07137e-20
1397.00 2.061785e-20
1398.00 2.052234e-20
1399.00 2.042718e-20
1400.00 2.033244e-20
1401.00 2.023825e-20
1402.00 2.014479e-20
1403.00 2.005231e-20
1404.00 1.996107e-20
1405.00 1.987138e-20
1406.00 1.978357e-20
1407.00 1.969797e-20
1408.00 1.96149e-20
1409.00 1.953471e-20
1410.00 1.945769e-20
1411.00 1.938413e-20
1412.00 1.931429e-20
1413.00 1.924841e-20
1414.00 1.918666e-20
1415.00 1.912922e-20
1416.00 1.907621e-20
1417.00 1.902774e-20
1418.00 1.898387e-20
1419.00 1.894466e-20
1420.00 1.891015e-20
1421.00 1.888038e-20
1422.00 1.885535e-20
1423.00 1.883509e-20
1424.00 1.881963e-20
1425.00 1.8809e-20
1426.00 1.880322e-20
1427.00 1.880235e-20
1428.00 1.88064e-20
1429.00 1.881544e-20
1430.00 1.882948e-20
1431.00 1.884856e-20
1432.00 1.887268e-20
1433.00 1.890182e-20
1434.00 1.893592e-20
1435.00 1.897491e-20
1436.00 1.901864e-20
1437.00 1.906693e-20
1438.00 1.911956e-20
1439.00 1.917623e-20
1440.00 1.92366e-20
1441.00 1.930029e-20
1442.00 1.936686e-20
1443.00 1.943583e-20
1444.00 1.950669e-20
1445.00 1.957893e-20
1446.00 1.965199e-20
1447.00 1.972536e-20
1448.00 1.979852e-20
1449.00 1.987098e-20
1450.00 1.994232e-20
1451.00 2.001216e-20
1452.00 2.00802e-20
1453.00 2.014621e-20
1454.00 2.021006e-20
1455.00 2.027171e-20
1456.00 2.033123e-20
1457.00 2.038878e-20
1458.00 2.044461e-20
1459.00 2.049908e-20
1460.00 2.055263e-20
1461.00 2.060575e-20
1462.00 2.065903e-20
1463.00 2.07131e-20
1464.00 2.07686e-20
1465.00 2.082624e-20
1466.00 2.088669e-20
1467.00 2.095064e-20
1468.00 2.101876e-20
1469.00 2.109168e-20
1470.00 2.116998e-20
1471.00 2.125421e-20
1472.00 2.134485e-20
1473.00 2.144231e-20
1474.00 2.154696e-20
1475.00 2.165908e-20
1476.00 2.17789e-20
1477.00 2.190658e-20
1478.00 2.204223e-20
1479.00 2.218591e-20
1480.00 2.233763e-20
1481.00 2.249735e-20
1482.00 2.2665e-20
1483.00 2.284049e-20
1484.00 2.30237e-20
1485.00 2.32145e-20
1486.00 2.341273e-20
1487.00 2.361825e-20
1488.00 2.383088e-20
1489.00 2.405045e-20
1490.00 2.427682e-20
1491.00 2.45098e-20
1492.00 2.474923e-20
1493.00 2.499496e-20
1494.00 2.524682e-20
1495.00 2.550466e-20
1496.00 2.57683e-20
1497.00 2.60376e-20
1498.00 2.631239e-20
1499.00 2.659251e-20
1500.00 2.687779e-20
1501.00 2.716805e-20
1502.00 2.74631e-20
1503.00 2.776276e-20
1504.00 2.806681e-20
1505.00 2.837504e-20
1506.00 2.86872e-20
1507.00 2.900305e-20
1508.00 2.932231e-20
1509.00 2.964468e-20
1510.00 2.996986e-20
1511.00 3.029751e-20
1512.00 3.062727e-20
1513.00 3.095875e-20
1514.00 3.129157e-20
1515.00 3.162531e-20
1516.00 3.195953e-20
1517.00 3.229378e-20
1518.00 3.262762e-20
1519.00 3.296059e-20
1520.00 3.329222e-20
1521.00 3.362205e-20
1522.00 3.394964e-20
1523.00 3.427455e-20
1524.00 3.459634e-20
1525.00 3.491462e-20
1526.00 3.522899e-20
1527.00 3.553908e-20
1528.00 3.584456e-20
1529.00 3.61451e-20
1530.00 3.644041e-20
1531.00 3.673022e-20
1532.00 3.701426e-20
1533.00 3.72923e-20
1534.00 3.756414e-20
1535.00 3.782957e-20
1536.00 3.80884e-20
1537.00 3.834047e-20
1538.00 3.858562e-20
1539.00 3.882372e-20
1540.00 3.905462e-20
1541.00 3.927823e-20
1542.00 3.949444e-20
1543.00 3.970318e-20
1544.00 3.990439e-20
1545.00 4.009806e-20
1546.00 4.028417e-20
1547.00 4.046276e-20
1548.00 4.063389e-20
1549.00 4.079764e-20
1550.00 4.095415e-20
1551.00 4.110355e-20
1552.00 4.124604e-20
1553.00 4.138183e-20
1554.00 4.151114e-20
1555.00 4.163424e-20
1556.00 4.175137e-20
1557.00 4.186281e-20
1558.00 4.196882e-20
1559.00 4.206968e-20
1560.00 4.216563e-20
1561.00 4.225692e-20
1562.00 4.234376e-20
1563.00 4.242635e-20
1564.00 4.250486e-20
1565.00 4.257944e-20
1566.00 4.265022e-20
1567.00 4.271728e-20
1568.00 4.278072e-20
1569.00 4.28406e-20
1570.00 4.289696e-20
1571.00 4.294986e-20
1572.00 4.299932e-20
1573.00 4.30454e-20
1574.00 4.308813e-20
1575.00 4.312758e-20
1576.00 4.316382e-20
1577.00 4.319694e-20
1578.00 4.322703e-20
1579.00 4.325422e-20
1580.00 4.327863e-20
1581.00 4.330042e-20
1582.00 4.331976e-20
1583.00 4.333679e-20
1584.00 4.335171e-20
1585.00 4.336468e-20
1586.00 4.337588e-20
1587.00 4.338547e-20
1588.00 4.339359e-20
1589.00 4.340039e-20
1590.00 4.340598e-20
1591.00 4.341044e-20
1592.00 4.341385e-20
1593.00 4.341624e-20
1594.00 4.341762e-20
1595.00 4.341797e-20
1596.00 4.341722e-20
1597.00 4.34153e-20
1598.00 4.341207e-20
1599.00 4.34074e-20
1600.00 4.340109e-20
1601.00 4.339293e-20
1602.00 4.338267e-20
1603.00 4.337005e-20
1604.00 4.335478e-20
1605.00 4.333653e-20
1606.00 4.331497e-20
1607.00 4.328975e-20
1608.00 4.32605e-20
1609.00 4.322686e-20
1610.00 4.318844e-20
1611.00 4.314487e-20
1612.00 4.309577e-20
1613.00 4.304079e-20
1614.00 4.297956e-20
1615.00 4.291177e-20
1616.00 4.28371e-20
1617.00 4.275527e-20
1618.00 4.266604e-20
1619.00 4.256918e-20
1620.00 4.246452e-20
1621.00 4.235193e-20
1622.00 4.22313e-20
1623.00 4.21026e-20
1624.00 4.19658e-20
1625.00 4.182095e-20
1626.00 4.166812e-20
1627.00 4.150742e-20
1628.00 4.1339e-20
1629.00 4.116304e-20
1630.00 4.097975e-20
1631.00 4.078936e-20
1632.00 4.059212e-20
1633.00 4.038831e-20
1634.00 4.01782e-20
1635.00 3.996207e-20
1636.00 3.974022e-20
1637.00 3.951295e-20
1638.00 3.928056e-20
1639.00 3.904333e-20
1640.00 3.880159e-20
1641.00 3.855564e-20
1642.00 3.83058e-20
1643.00 3.805241e-20
1644.00 3.779581e-20
1645.00 3.753638e-20
1646.00 3.727451e-20
1647.00 3.701064e-20
1648.00 3.674524e-20
1649.00 3.647881e-20
1650.00 3.621191e-20
1651.00 3.594512e-20
1652.00 3.567909e-20
1653.00 3.54145e-20
1654.00 3.515206e-20
1655.00 3.489254e-20
1656.00 3.463673e-20
1657.00 3.438542e-20
1658.00 3.413946e-20
1659.00 3.389968e-20
1660.00 3.366689e-20
1661.00 3.344192e-20
1662.00 3.322556e-20
1663.00 3.301856e-20
1664.00 3.282163e-20
1665.00 3.263541e-20
1666.00 3.246052e-20
1667.00 3.229746e-20
1668.00 3.214668e-20
1669.00 3.200854e-20
1670.00 3.188334e-20
1671.00 3.177127e-20
1672.00 3.167243e-20
1673.00 3.158689e-20
1674.00 3.151457e-20
1675.00 3.145538e-20
1676.00 3.140914e-20
1677.00 3.13756e-20
1678.00 3.135447e-20
1679.00 3.134543e-20
1680.00 3.134811e-20
1681.00 3.136213e-20
1682.00 3.138708e-20
1683.00 3.142255e-20
1684.00 3.146813e-20
1685.00 3.152344e-20
1686.00 3.158808e-20
1687.00 3.166171e-20
1688.00 3.174397e-20
1689.00 3.183457e-20
1690.00 3.193324e-20
1691.00 3.203974e-20
1692.00 3.215385e-20
1693.00 3.22754e-20
1694.00 3.240426e-20
1695.00 3.254031e-20
1696.00 3.268347e-20
1697.00 3.283368e-20
1698.00 3.29909e-20
1699.00 3.315511e-20
1700.00 3.33263e-20
1701.00 3.350448e-20
1702.00 3.368967e-20
1703.00 3.388189e-20
1704.00 3.408117e-20
1705.00 3.428754e-20
1706.00 3.450102e-20
1707.00 3.472165e-20
1708.00 3.494946e-20
1709.00 3.518446e-20
1710.00 3.54267e-20
1711.00 3.567618e-20
1712.00 3.593292e-20
1713.00 3.619695e-20
1714.00 3.646827e-20
1715.00 3.674689e-20
1716.00 3.703281e-20
1717.00 3.732603e-20
1718.00 3.762653e-20
1719.00 3.793429e-20
1720.00 3.824927e-20
1721.00 3.857143e-20
1722.00 3.890069e-20
1723.00 3.923698e-20
1724.00 3.958017e-20
1725.00 3.993012e-20
1726.00 4.028669e-20
1727.00 4.064965e-20
1728.00 4.101879e-20
1729.00 4.139382e-20
1730.00 4.177445e-20
1731.00 4.216032e-20
1732.00 4.255104e-20
1733.00 4.294619e-20
1734.00 4.334529e-20
1735.00 4.374782e-20
1736.00 4.415323e-20
1737.00 4.456094e-20
1738.00 4.497031e-20
1739.00 4.538067e-20
1740.00 4.579133e-20
1741.00 4.620156e-20
1742.00 4.66106e-20
1743.00 4.701767e-20
1744.00 4.742194e-20
1745.00 4.78226e-20
1746.00 4.821879e-20
1747.00 4.860963e-20
1748.00 4.899425e-20
1749.00 4.937174e-20
1750.00 4.97412e-20
1751.00 5.01017e-20
1752.00 5.045233e-20
1753.00 5.079217e-20
1754.00 5.112028e-20
1755.00 5.143577e-20
1756.00 5.173771e-20
1757.00 5.202523e-20
1758.00 5.229744e-20
1759.00 5.255351e-20
1760.00 5.279261e-20
1761.00 5.301398e-20
1762.00 5.321686e-20
1763.00 5.340057e-20
1764.00 5.356446e-20
1765.00 5.370796e-20
1766.00 5.383055e-20
1767.00 5.393176e-20
1768.00 5.401121e-20
1769.00 5.40686e-20
1770.00 5.410369e-20
1771.00 5.411633e-20
1772.00 5.410642e-20
1773.00 5.407398e-20
1774.00 5.401908e-20
1775.00 5.394187e-20
1776.00 5.384259e-20
1777.00 5.372153e-20
1778.00 5.357907e-20
1779.00 5.341565e-20
1780.00 5.323177e-20
1781.00 5.302798e-20
1782.00 5.28049e-20
1783.00 5.256317e-20
1784.00 5.230351e-20
1785.00 5.202666e-20
1786.00 5.173339e-20
1787.00 5.142449e-20
1788.00 5.11008e-20
1789.00 5.076315e-20
1790.00 5.041241e-20
1791.00 5.004943e-20
1792.00 4.967508e-20
1793.00 4.929023e-20
1794.00 4.889572e-20
1795.00 4.84924e-20
1796.00 4.808111e-20
1797.00 4.766264e-20
1798.00 4.723779e-20
1799.00 4.68073e-20
1800.00 4.637192e-20
