390559
390560
390561
397280
397323
398414
398415
400355
400423
400424
400425
400438
400439
400459
400460
400461
401608
401609
401613
401614
401615
401650
401651
401652
401661
406949
406953
406954
406977
406978
406979
406980
406993
406994
406995
407888
407889
407915
407917
407918
407926
407927
407928
407929
407939
407940
407941
407942
407943
407944
407945
407946
407949
410886
410958
410959
410960
410961
410965
410966
410985
410986
410987
410994
410995
414861
414867
414868
414869
414871
414872
414891
414892
414907
414908
414909
414910
414911
414912
414913
415021
417003
417004
417005
417052
417053
417054
417108
418192
418193
418203
418204
418206
418226
418227
418966
418998
418999
419022
419025
419026
419027
419045
419062
419063
419068
419774
419805
419840
419908
420765
420779
420780
420801
420802
420803
420809
420810
420828
420829
420879
421637
421642
421643
421646
421647
421676
421677
421680
421684
421685
421686
421689
421690
421724
425485
425492
425493
425506
425510
425525
425529
426666
426668
426670
426671
426924
426925
426926
426927
426971
426972
426973
426974
427029
427043
427083
427642
427643
427671
427672
427673
428493
428526
430167
430215
431361
431362
431363
431364
431402
431403
431404
431450
433044
433045
433046
433073
433074
433075
433078
433951
433952
433953
433954
433955
433956
433957
433959
433982
433983
433984
433985
433986
433987
433989
433990
433991
434140
436529
436530
436531
436535
436536
436537
436540
436541
436580
436581
436582
436584
436585
440937
440970
440972
441139
441905
443016
443017
443018
443089
443090
443125
443126
443150
443151
443157
443158
443159
443901
444040
444042
444043
444063
444079
444080
444111
444112
444707
444708
444713
444714
444715
444716
444717
444723
444724
444726
447511
447512
447521
447522
447523
447525
448314
448315
448316
451656
451657
451658
451696
451697
451698
451755
451794
451796
451797
452558
452561
452593
452594
453605
456674
456675
456683
456684
456685
456707
456708
456717
456739
456743
456744
456745
456746
456747
456770
456771
456773
456774
456775
456801
456845
457674
457675
457676
457682
457683
457684
457710
457711
457712
457715
457716
458256
458289
458290
458296
458297
458298
458301
458307
458309
458310
458311
458312
458439
458493
458563
458564
458565
458601
458603
458604
458605
458647
458650
460322
460837
460838
460839
462488
462542
462548
462663
462664
462665
462666
462667
462669
462670
462705
462706
462707
462708
462710
462713
462715
462716
462717
463559
463560
464231
466163
466164
466165
466210
466211
466274
466276
466277
466320
466321
466322
466323
466335
466717
466739
466747
466748
466749
466750
466754
466755
466757
466759
466760
466761
466764
466784
467700
468251
468252
468292
468293
468294
468395
469700
469703
469768
469769
469770
469851
469898
471902
471929
471930
471931
471933
471934
471935
471936
471957
471958
471961
471962
471966
471967
471969
471984
471985
471986
471999
472000
472001
472007
472017
472072
472133
472134
472135
472136
472137
472177
472178
472180
472181
474334
474335
474336
474349
474350
474893
475689
475690
475691
475694
475712
476317
476321
476323
477803
478930
478978
478990
478991
478992
479027
479028
479029
479033
479036
479069
479070
479265
479266
479267
479274
479275
479296
479297
479298
479306
479473
479511
479512
479541
479542
479590
479661
479662
479665
479688
479693
479696
479779
480300
480301
480302
480303
480340
480341
480342
480344
480375
480679
480910
481382
481383
481384
484233
484234
484235
484237
484238
484263
484264
484265
484267
484277
484324
491549
491590
492033
492034
492035
496958
496961
496978
496988
497008
497042
497043
